
1440.86 119.695
1825.36 212.616
5818.4 289.329
8214.3 217.171
12208.6 295.284
12794.3 284.239
14069.6 237.963
15636.1 249.117
16624.2 330.18
18557.5 277.624

656.409 294.238
1461.11 77.8285
1820.22 246.861
5764.53 299.052
8235.88 163.98
9133.67 308.913
12739 266.086
14019.8 250.522
15647.6 300.334
18554.3 287.25

634.519 335.754
1483.04 87.5635
1820.22 270.649
8274 171.396
9211.35 273.892
12689.5 342.372
13979.9 293.778
18584.6 347.693
19641 349.226

1510.5 121.108
1811.24 275.476
8324.99 199.556
9243.86 217.113
13958.7 288.455
19701.8 214.489

1545.27 144.739
1802.25 310.604
5435.4 282.308
8372.25 229.9
9248.16 223.657
13954 282.121
19696.8 105.307

1564.08 149.574
1779.72 310.555
5429.53 293.81
8391.72 293.596
9245.75 327.818
19705.2 132.652

568.853 346.215
1582.73 167.85
1744.89 324.933
5448.84 332.29
16833 306.921
19745.8 136.542

552.355 328.131
1671.83 141.459
5453.85 286.098
15221.8 339.812
19786.8 118.712

506.46 188.742
1681.94 46.4666
5391.87 152.793
9352.2 306.559
12992.8 299.687
19803.8 81.0009

481.171 116.556
1052.32 259.925
1671.7 67.2038
5360.67 120.876
9375.32 173.232
11557.9 256.127
18983 343.858
19820.2 49.6573

481.765 105.581
1042.74 218.155
1657.61 145.707
5343.38 122.235
9368.49 130.347
11531.3 346.247
19045.9 275.086
19793.6 75.2736

494.732 117.431
1066.84 237.135
1652.67 171.377
4003.18 329.016
5322.66 128.542
9328.65 154.826
12639.5 271.106
18142.8 308.942
19090.5 209.811
19748.2 107.411

511.69 128.03
1096.94 278.595
1610.61 152.687
3956.15 244.062
5287.73 180.567
9248.95 216.363
18171.1 239.814
19113.3 184.146
19734.4 130.611

521.924 122.603
1109.21 286.723
1567.26 119.123
3926.15 289.918
5187.77 320.549
9228.86 223.736
13463.5 309.489
15319.3 230.177
18161.3 158.972
19086.4 179.836
19716.4 151.777

521.275 107.796
1092.97 248.696
1535.76 84.4157
4997.16 264.743
6750.23 299.846
8651.65 325.402
9259.52 176.04
12371.6 304.377
13468 259.216
15385.7 205.603
18129.7 125.542
19041.8 201.632
19725.2 145.589

521.171 113.275
1076.12 236.958
1519.47 75.5647
4950.41 147.789
6716.21 196.436
8691.76 238.982
9263.08 152.654
11881.2 338.137
12360.1 257.637
13499 222.901
15477.3 238.418
18091.6 120.922
19016.1 220.704
19755.2 101.187

525.296 139.223
1065.06 254.397
1515.33 82.2309
4945.09 98.7052
6696.27 184.07
8672.69 295.911
9230.63 178.648
11870.4 345.478
12372.2 298.971
13520.5 220.924
15526 320.605
18059.1 132.379
19047.9 178.13
19772.6 69.8082

531.12 168.598
1055.98 265.07
1515.44 87.8164
3944.26 246.432
4936.93 71.9841
6672.22 194.774
9202.94 198.65
13524.9 254
18039.2 131.274
19086.9 124.122
19776.4 54.8915

536.824 199.853
1044.53 261.228
1514.94 99.7067
3919.15 165.262
4924.33 60.9367
6642.13 228.596
9182.48 241.006
13520.6 315.177
16832 332.097
18037.1 96.9626
19129.2 86.6553
19776.9 41.8451

539.345 231.592
1026.16 237.732
1512.47 123.051
3901.18 136.935
4911.22 79.868
6623.21 250.978
9127.99 263.698
16779.7 226.746
18038.7 81.3783
19164.4 83.1392
19785.3 42.7515

545.203 282.142
1010.03 230.464
1513.73 178.9
3881.51 148.04
4882.15 158.266
5162.43 308.973
6628.38 243.955
9097.97 232.468
16771.6 170.328
18060.6 124.75
19191.3 106.657
19814.1 60.6912

1013.74 271.454
1570.43 295.347
3869.53 204.248
4815.36 300.785
5142.23 216.317
6627.93 286.066
9101.2 245.077
13507.2 273.816
16777.9 205.7
18117 249.205
19216.1 123.231
19861.9 80.9094

1649.2 266.984
3888.23 264.91
5131.45 248.11
8508.22 250.111
9121.76 253.23
13477.2 233.241
16773.2 323.195
19237 131.569
19907.4 79.6595

1654.9 214.497
3933.25 291.055
5141.54 313.669
8501.06 199.51
9126.82 219.992
13442.2 215.18
15244.7 286.697
16641.4 345.625
19242 134.297
19923.6 75.8351

1658.8 174.967
3964.2 241.387
5156.1 303.126
8491.03 186.993
9131.49 219.965
13463.4 233.597
15232.3 192.397
16597.1 147.287
19250.6 170.623
19932.1 75.2891

1195.95 250.309
1664.72 139.352
3977.5 161.166
5162.19 256.167
8474.96 182.329
9145.24 245.595
13526.3 221.191
15232 212.796
16595.2 87.2881
19245.9 245.182
19932.8 86.6314

1202.88 131.164
1663.08 118.084
3981.44 88.2188
5168.84 198.017
8459.15 182.699
9165.03 290.036
13571.6 218.942
15190.2 321.889
16609.8 111.181

1205.22 81.7666
1659.5 115.043
3984.38 49.4758
4716.19 338.852
5185.36 187.899
8468.89 215.841
9167.98 329.976
13595.3 303.717
16661.4 156.49

1208.63 66.5063
1659.74 124.376
3992.57 35.8272
4777.6 225.284
5233.2 290.612
8546.79 321.476
16699 181.718

1210.09 61.1399
1659.04 135.558
4003.81 30.5164
4801 111.793
6833.71 335.819
12376.3 282.288
16721.1 251.787

1209.93 57.842
1656.66 149.14
4012.78 26.8983
4795.48 63.6406
6850.64 269.347
8740.03 306.837
12362.1 298.534
16764.3 349.426

1210.26 56.2177
1659.32 176.913
4018.59 25.8564
4790.8 48.3569
6853.78 260.572
8752.07 263.785
12746.1 302.988

1211.4 50.4321
1665.88 201.28
4025.07 26.6432
4791.69 48.7083
6841.48 342.116
8774.35 237.891
12747.1 268.619
13868.1 325.687
19697 253.587

1214.63 54.7228
1689.95 280.633
4037.35 31.1377
4802.46 47.2196
5466.24 306.704
8730.7 228.56
11178.2 342.342
12684 309.188
18189.3 323.405
19712.9 96.9147

1216.29 49.6785
1700.81 313.802
4049.45 38.4551
4810.31 53.9854
5465.66 265.091
8701.83 219.432
11216.1 315.815
12033.7 322.551
19686.2 98.8179

1217.36 42.9703
1697.7 298.99
4068.52 54.4449
4809.19 69.6961
5436.61 249.53
8679.14 226.562
11246.2 326.894
12034.9 287.708
19667.7 101.023

458.828 320.316
1219.05 39.083
1686.23 244.741
4108.19 86.7831
4792.11 106.333
5397.74 234.298
8655.3 249.302
12024.4 306.626
18933 346.653
19680.9 85.377

455.776 298.249
1222.74 42.4691
1680.58 199.133
4148.51 122.875
4759.96 169.244
5385.28 199.541
8611.4 343.695
16474.9 341.35
18950.8 348.543
19697.4 74.3792

453.639 326.969
1227.58 54.1859
1679.03 176.784
4147.69 152.814
4686.28 231.456
5370.31 159.626
19706.9 84.9701

1232.98 73.2857
1680.34 167.479
4126.86 166.717
4607.13 221.631
5368.82 109.348
19708.2 116.631

1239.66 95.2396
1684.25 159.446
4118.76 146.855
4575.95 200.236
5381.86 74.0372
19710.7 180.395

1246.04 108.342
1686.48 138.647
4124.51 99.212
4571.52 191.577
5393.38 53.8289
19703.5 219.849

455.896 323.084
1249.86 106.542
1686.87 107.346
4134.98 52.3108
4581.18 197.532
5404.59 43.3075
19681.8 212.854

455.263 251.311
1252.2 97.0476
1688.51 79.6231
2621.71 280.636
4142.42 26.1706
4603.49 234.507
5418.41 38.3377
9335 288.146
12827.1 314.782
19687.9 138.34

456.077 230.822
1258.64 103.209
1695.58 73.4149
2627.1 255.237
4145.64 18.7555
5436.43 36.9161
9301.25 198.641
12086.9 279.365
12812 248.573
19711.5 74.933

460.282 266.211
1272.17 135.169
1708.44 90.5573
2674.08 321.469
4146.46 24.4015
5453.99 40.2183
9307.06 165.889
10259.7 299.015
12095.1 239.166
12776.8 233.507
19731 61.8776

466.176 307.259
1288.99 173.097
1724.49 117.315
4141.16 52.3615
5470.85 48.9639
6327.52 260.084
9321.05 160.526
10231.8 254.582
12096 250.239
12738.2 234.164
14321.9 310.427
19052.7 341.946
19715.7 112.813

472.424 322.138
1305.93 202.119
1743.45 145.839
4095.73 142.889
5485.76 57.1165
6347.2 178.589
9326.62 153.52
10218.7 236.83
12124.9 296.623
12745 252.98
14284.3 330.928
17438.1 313.286
19094.6 298.08
19652.1 163.411

477.152 303.441
1321.68 225.32
1765 180.024
3968.48 264.92
4689.27 251.974
5492.19 54.8324
6351.21 134.388
9318.57 141.069
10205 257.684
12774.7 326.678
17408.4 275.545
19131.1 307.605
19610.1 196.64

489.987 312.437
1365.22 272.122
1815.92 269.198
4694.65 218.837
5494.43 64.0201
6360.66 150.498
9310.48 134.632
10178.8 324.662
12093.6 318.719
17399 266.782
19183 259.36
19657.9 190.051

504.505 303.037
1423.6 275.765
5507.63 98.8986
6390.93 284.855
9326.44 141.363
12047 207.695
17370.9 278.09
19231.2 229.862
19710.5 158.44

508.263 267.578
1447.38 253.313
2038.21 321.021
5544.9 130.531
9354.35 149.984
12026.1 139.829
17331.6 301.736
19269.8 210.161
19731.5 142.957

511.98 248.594
1452.45 236.218
2103.8 228.566
4329.99 277.943
5585.99 94.4341
9375.37 166.003
12016.8 117.447
19287.5 240.365
19740.2 166.721

517.895 234.763
1450.2 227.01
2139.62 150.392
2901.67 308.176
4325.01 237.687
5600.81 54.993
9382.33 210.222
12000 133.915
19288.1 273.16
19745.3 174.569

509.205 196.37
1431.64 259.875
2159 115.985
2916.56 247.652
4347.3 317.877
5611.68 47.5208
9397.05 319.534
11964.1 155.335
19743.9 208.444

495.207 160.542
2168.28 111.934
2925.14 258.956
5623.54 58.6681
10324 330.49
11926.7 149.183
19698.9 222.023

484.406 149.333
2167.59 117.946
2922.28 323.213
4751.79 166.988
5628.78 92.4751
8466.76 340.532
10371.2 342.322
11941.9 143.59
19699 201.095

465.014 126.776
1045.41 334.903
2161.94 115.895
4754.17 85.3024
5600.12 222.376
8545.84 229.898
9629.07 303.434
10368 330.181
11987.6 138.143
19723.9 187.76

449.327 85.236
967.566 181.313
2167.73 113.772
4743.54 72.141
8573.31 132.442
9664.69 343.172
12021.6 87.1693
13826.4 233.752
18029.1 308.522
19756.2 175.304

442.548 55.2625
931.049 111.486
2179.72 137.952
4729.53 54.1453
5199.05 211.037
8579.9 75.4735
12047.2 73.7973
13863.5 192.265

440.175 40.9559
913.188 83.3192
2184.59 226.31
4730.82 44.2633
5179.98 156.464
8590.78 75.3967
9994.84 270.234
11210 260.284
12068.8 82.8206
13866.6 184.273

439.812 38.3215
905.948 77.8073
2661.73 302.164
4742.73 48.2976
5211.72 174.464
8613.51 150.292
9959 188.665
11224.6 291.749
12082.5 115.605
13858.9 219.736

439.641 40.123
901.556 78.9768
2658.6 191.353
4751.65 45.8675
5230.32 175.199
6676.53 334.467
8667.06 199.688
9932.92 138.76
12092.2 181.425
13850.5 310.916

438.66 40.0029
896.39 75.7263
2690.32 158.132
4752.28 37.3065
5228.2 162.657
6614.92 251.431
8666.17 217.768
9922.72 114.368
12105.2 240.698

437.179 34.4124
891.314 63.5745
2752.96 154.805
3822.22 239.021
4749.73 27.5565
5213.31 140.231
6541.28 139.424
8624.86 136.752
9923.93 119.806
12114.3 329.334
13886.5 326.724

436.661 30.7844
888.947 55.2489
2872.92 164.969
3823.81 192.916
4753 26.336
5218.18 159.168
6524.44 99.6726
8611.95 134.738
9935.49 134.691
13884.2 322.318
18183.5 302.257

436.05 28.1466
885.416 48.7401
2995.38 136.77
3847.17 183.971
4760.59 28.0604
5254.69 214.452
6544.66 103.934
8558.25 302.127
9936.51 160.395
12145.6 266.288
13866.4 281.184
17107.5 330.371
18120.6 261.941

435.793 27.3817
882.982 45.1536
1698.84 310.374
3044.42 102.994
3863.5 177.834
4765.17 27.6714
5302.3 262.083
6567.76 120.497
9944.91 184.857
12132.2 228.882
13871.6 283.229
17121.8 312.585
18119.3 269.025

435.745 26.9195
881.945 42.0722
1707.36 294.774
3056.26 79.7919
3870 175.899
4764.83 24.8711
5335.98 259.598
6595.59 147.504
8612.65 260.619
9949.49 193.335
12090.9 196.891
13859.7 315.717
17153.3 322.253
18123.9 312.294

435.897 27.5928
881.952 40.5642
1722.21 311.452
3058.91 68.1322
3881.8 188.812
4763.14 21.434
5360.91 235.523
6652.27 179.999
8636.43 88.4643
9942.79 155.444
11359.4 312.963
12053.1 121.387
13824.8 332.221
17208.4 286.265
18136.1 305.364

436.327 29.5616
882.447 40.5423
3059.43 68.1183
3902.56 222.049
4762.53 19.4464
5386.61 237.684
6739.67 189.702
8640.76 58.3799
9942.13 141.31
11345 202.143
12043.8 76.7303
13803 316.642
17251.2 207.446
18140.9 259.935
19817 334.45

437.108 31.4167
883.118 40.3538
3062.62 78.2214
3920.27 256.278
4765.11 18.7172
5406.57 267.541
6793.05 169.168
8650.27 78.3019
9947.71 152.6
11361.4 198.917
12056.7 86.3054
17267.8 192.201
18168.3 311.071
19810.6 260.338

438.425 35.1849
884.503 42.6461
3076.57 110.365
3932.46 301.756
4770.33 20.0903
5432.31 342.335
6785.19 159.246
8672.01 115.234
9934.23 149.928
11402.4 259.321
12099.4 130.161
17261.5 264.492
19783.6 345.579

439.205 37.9474
884.775 43.4946
3107.17 177.746
4771.01 23.7787
6741.42 190.736
8692.57 114.141
9910.9 166.644
11428.1 282.099
12145.5 164.27
19707.5 271.595

439.485 39.31
884.306 41.8479
3196.1 300.25
4763.99 28.0139
6706.57 284.178
8686.37 128.266
9868.93 237.717
11402.1 282.014
12147.1 214.767
19677.9 138.108

441.49 43.1031
886.782 42.1537
3263.42 339.316
4756.69 29.7723
5615.14 287.984
6752.27 347.556
8665.99 254.747
9782.17 348.219
11343.6 233.237
12091.8 236.379
19689.4 118.895

445.587 46.4548
892.815 44.3917
3217.39 341.536
4757.97 44.7266
5653.34 118.793
6781.42 295.237
11305 184.423
12085.9 188.682
15876.9 301.606
19731.2 173.659

450.565 51.5247
902.212 50.9576
4767.04 64.7475
5651.14 56.3344
6759.49 235.334
11283.3 171.309
12116.1 164.016
15913.1 203.995
19792.6 228.678

454.943 61.0942
912.576 62.038
3403.89 310.698
4774 67.388
5643.52 31.8203
6711.74 192.713
9536.33 274.937
11273.8 221.308
12157.1 196.107
15975 156.043
19801.1 222.724

456.651 68.3554
918.581 70.358
2947.8 318.888
3433.12 229.173
3946.68 223.857
4773.42 69.3473
5639.48 24.8269
6675.35 170.773
9525.21 139.189
12230.6 324.186
16009.8 116.849
19751.3 235.792

456.6 71.3631
920.425 74.2202
3444.12 189.658
3948.08 159.318
4771.02 77.9561
5637.68 25.5676
6656.93 177.378
8875.1 332.374
9523.96 98.8694
13937.9 331.73
16018.1 140.312
19693.8 232.59

456.84 74.0165
921.386 77.2731
3450.1 160.37
3945.94 124.035
4769.03 86.2031
5635.04 29.1062
6642.01 207.622
8921.55 332.574
9521.78 103.618
11480 347.87
12375.7 315.569
13888 220.823
16008.1 182.843
19721.7 234.761

456.191 73.9694
920.167 77.3226
3452.92 146.884
3944.66 116.08
4767.52 96.6608
5632.14 34.2768
6627.99 240.631
8925.12 336.021
9511.72 123.952
11434.6 347.876
12336.3 349.32
13891 181.158
15968.8 176.708
19763.5 215.601

456.367 77.3406
919.157 79.5344
3460.17 131.98
3951.24 120.581
4763.98 99.8099
5627.05 37.3736
6592.08 233.809
8899.94 333.307
9490.02 163.488
13907 194.727
15968.6 143.695
19763.9 169.879

456.193 80.1451
916.816 80.13
3466.15 118.301
3965.6 139.128
4757.4 102.33
5618.96 37.641
6558.26 209.5
8861.51 293.263
9451.27 211.031
13975 250.289
15983.7 165.37
19730.4 182.195

455.375 80.909
913.079 78.1791
3469.03 103.898
3986.72 166.257
4750.87 107.338
5611.35 37.0948
6538.52 226.819
8804.08 229.746
9417.95 224.136
13998.8 239.437
15982.7 282.01
17819.5 343.18
19696 218.325

453.041 75.2862
907.371 71.2029
3468.13 95.2092
4008.87 209.192
4749.56 125.742
5608.83 40.9223
6542.44 331.102
8758.82 156.553
9448.26 164.46
13977.8 228.932
19645.6 274.43

450.963 69.3318
902.59 65.6752
3468.85 92.021
4033.04 252.528
4757.66 149.231
5611.37 45.8701
8734.59 122.756
9479.84 114.217
13968.4 247.817
19665.7 295.024

449.21 63.0727
899.176 61.867
3469.75 93.8501
4048.48 274.651
4768.64 166.377
5613.54 50.1297
8725.18 111.559
9490.68 92.1173
13986.4 272.16
19732.8 277.917

447.494 56.3343
896.766 59.2407
3468.91 97.9594
4050.78 275.334
4776.45 177.278
5609.93 57.0853
8721.5 113.841
9488.7 89.8198
14018.6 320.676
18781.2 268.927
19763.6 253.778

445.908 50.8932
895.709 59.5491
3467.22 100.451
4053.87 269.309
4783.67 188.065
5599.79 68.7482
8717.47 116.76
9479.96 93.7691
10461.8 327.54
18820.7 271.898
19749.6 254.043

444.292 46.3997
896.537 63.7369
3464.02 97.789
4065.41 272.503
4788.3 206.243
5585.09 87.4715
8709.02 110.034
9465.5 97.8728
10412.1 342.242
15442.3 341.573
18839.4 314.626
19725.7 228.916

442.683 42.6957
900.805 73.9365
3458.78 88.5775
4090.1 289.219
4788.41 238.318
5565.75 116.236
8693.7 102.543
9447.18 108.453
15484.5 318.31
19723.9 253.053

441.781 41.2938
913.146 98.4956
3453.5 74.2378
4132.89 298.98
4792.24 273.84
5542.14 145.377
8667.43 98.6697
9425.75 126.718
14098.3 329.114
15499.7 312.831
17675.2 345.68
19700.7 223.404

441.396 40.2025
940.085 147.735
3447.89 60.7676
4168.08 286.781
4802.07 279.765
5531.03 148.709
8642.82 85.6301
9412.12 128.386
10357.8 301.998
14122.1 261.331
17689 281.552
19673.9 181.886

439.52 33.9716
983.121 223.197
3441.37 56.062
4169.17 301.894
4800.83 274.66
5540.38 144.602
6807.79 310.638
8636.99 79.5946
9415.75 123.14
10356.9 266.686
14129.2 270.642
17701.8 300.435
19642.9 176.307

435.247 22.9672
1032.1 322.374
3433.53 65.5999
4783.82 303.729
5550.79 173.826
6886.49 299.387
8642.2 127.221
9416.16 182.186
10395.4 341.309
14112.5 324.078
19733.2 265.696

429.838 12.8991
3416.12 92.9763
5536.27 282.672
8702.16 314.589
10516.2 348.542
19805.7 174.578

425.097 10.0473
3395.27 137.945
8780.52 221.177
19778.2 134.757

419.596 13.815
3340.63 219.072
8768.16 210.877
11649.8 327.263
18970.4 329.469
19752 108.859

412.924 25.4825
3222.24 241.154
8751.91 259.236
18951.6 294.106
19747.3 93.4544

404.836 48.7232
3141.36 193.488
8766.98 317.262
18952 275.792
19745.6 79.9693

391.052 75.8162
3095.74 194.334
18959.8 294.86
19744.7 89.661

369.244 72.321
3039.36 300.436
18219.9 285.289
18997.6 264.574
19755.5 102.482

350.375 44.5485
3459.7 216.727
8811.59 327.231
19044.5 260.975
19809 115.255

340.66 25.1241
774.167 313.091
2442.12 295.365
3472.61 86.2221
4623.29 294.517
19830 187.981

337.399 19.335
776.554 301.161
2400.58 154.61
3477.54 81.6148
19084 347.193
19808 226.41

341.404 18.0677
777.378 295.6
2392.42 102.976
3467.83 89.8031

356.789 26.9315
2403.23 108.863
3463.5 84.9297

370.309 47.779
2423.78 177.054
3453.7 89.5979
5045.42 295.562

384.577 91.1714
3445.67 135.382

420.81 125.89
3438.8 234.075

445.603 201.588
4568.72 205.976

398.207 139.336
3440.49 290.178
9237.21 280.125
18527.1 334.839
19488.2 345.23

400.253 111.079

405.054 135.879
7206.12 342.349
16035.2 328.611

411.377 143.697
7193.92 328.734
16018.6 316.732
19896.3 205.724

419.496 133.469
5794.19 327.976
19899.1 133.625

426.944 116.634
17458.6 322.797
19867.3 114.497

432.485 134.246
11046.9 332.085
19801.5 165.549

430.394 169.231
5716.7 332.389
11049.3 312.238
19684.5 247.867

432.621 197.03
5691.08 295.047
7398.87 313.127
19654.3 342.611

478.227 234.528
5696.38 328.24
7344.37 307.097
19768.9 235.797

512.377 215.394
5736.96 294.747
19787.3 214.305

518.395 213.524
5765.1 286.558
13130.9 324.452
19786.6 238.353

521.914 274.821
5746.87 305.877
19724.5 337.211

5688.43 278.892
6613.84 303.768
10577.7 303.515
17733.9 341.066
19804.5 260.316

5658.59 274.231
6526.46 263.805
10546.3 249.103
17724.7 283.714
19862.1 144.901

2936.14 297.693
5658.99 331.1
6470.23 314.893
10516.4 253.672
14962.8 327.714
19400 279.286
19883.2 114.093

2941.23 264.962
10521.1 326.028
14890.5 254.911
18498.4 321.025
19366.9 197.069
19893.7 88.3856

1668.19 239.345
2948.61 272.454
5764.28 268.415
14864.9 347.466
18509.3 310.819
19341.2 228.903
19891.6 113.334

1669.64 197.214
2955.22 249.693
5724.9 227.606
18541.6 285.669
19288.1 264.631
19854.8 96.9503

1670.69 228.739
2971.02 175.123
4183.43 305.432
5695.72 226.724
19826.2 112.365

2992 136.724
4165.3 259.507
5701.77 202.659
18960.5 255.183
19785.9 175.063

3004.24 146.828
4224.21 312.557
5719.23 154.22
18930.4 225.799

2975.35 144.437
4331.78 297.309
5733.19 126.806
6516 283.709
13707.4 342.299
18838.2 296.937

437.349 114.013
2940.18 99.8614
4384.77 336.914
5711.68 119.906
6490.05 281.167
18768.9 251.668

420.301 36.2516
2925.12 71.7059
5679.42 137.404
18739.2 267.351

413.889 22.2046
2917.2 61.6213
5667.57 168.526

408.747 14.9486
2910.34 89.1869
5667 200.84

404.713 9.63051
2905.41 189.736
4276.86 315.363
5654.28 250.398

402.21 7.46251
2844.75 295.584
4237.7 327.866
5557.39 257.375

400.454 7.16197
2799.39 202.222
4063.61 313.383
5476.71 256.335

399.528 7.79503
2787.37 147.637
3989.12 150.631
5411.16 295.691
16193.8 334.733
18861.3 277.632

399.853 9.32456
2760.72 151.463
3981 95.1037
5317.68 323.845
5894.23 308.174
10435 303.5
11272.1 277.654
12160.8 276.797
18795.3 265.152
19795.9 301.719

400.76 11.5916
2700.49 214.892
3980.59 96.4432
5231.42 303.68
5860.61 220.452
10383 292.385
11152.6 207.978
12150.1 269.318
18685.6 347.668

400.843 14.4018
2586.46 311.486
3972.09 149.965
5172.02 291.745
5858.49 163.803
10347.1 309.82
11088.8 201.84
12060.4 337.371
18632.5 262.702

398.673 16.3658
3935.75 281.425
5156.09 347.138
5874.71 164.394
11068 294.529
18637.5 228.729

394.272 16.4197
5887.65 254.062
18678.1 292.333

389.441 15.2829

384.76 13.9139
1590.63 329.028
17695.6 312.536

380.899 13.4354
1621.24 289.593
16493.2 293.547

379.288 13.8894

381.032 15.2478
1905.89 329.651
5359.76 334.041
16844.1 259.279
18910.8 292.772
19623.1 343.923

386.551 19.2269
1900.2 219.377
5384.76 197.08
16878.7 290.912
18911.5 340.077

394.448 25.7471
1905.02 208.62
5396.2 154.805

403.366 34.8255
1916.05 277.188
5372.84 171.389
17179.2 336.593
19869 292.286

412.43 45.0762
5314.51 250.099
16601.2 314.241
17169.6 328.819
19870.5 256.143

420.426 54.4238
5272.97 294.461
12382.5 348.411
16510.3 208.08
17120 316.911
19894.3 176.655

425.232 55.5834
1678.27 176.223
5404.32 284.159
12403.6 318.79
16482 173.691
19930.3 124.005

432.005 54.7797
1691.74 90.9625
2524.52 339.04
5537.85 245.494
12405.7 249.385
14444 309.385
16477.9 175.757
18336.9 332.087
19384.9 290.368
19927.9 106.057

442.342 58.5378
1059.49 288.502
1723.78 55.8107
5595.37 292.647
11347.1 261.613
12404.6 233.488
12967 239.276
14401.1 201.693
16514.6 164.27
18262 307.393
19398.5 210.587
19896 92.509

455.328 71.1259
1046.94 236.002
1761.95 40.0376
8857.15 336.363
10382.5 347.15
11320.7 281.99
12401.1 278.876
12959.3 215.012
14393.5 163.455
16591 147.926
18241.8 282.835
19413.7 209.731
19849.8 112.305

470.834 98.632
1035.1 205.181
1800.25 33.22
4157.64 218.608
5545.72 321.686
6944.81 307.418
12400.6 297.361
12966.7 217.03
14391.9 207.046
16653.8 117.562
18256.8 277.821
19394.3 283.542
19791.3 154.318

487.781 140.208
1019.5 170.135
1836.47 31.1954
4192.64 139.262
5577.87 221.091
6981.8 338.964
12409.7 293.296
13002.5 251.387
16690.8 97.149
18282.6 289.568
19334.7 303.021
19750.4 139.974

503.783 185.738
1006.84 132.678
1868.52 34.1369
4235.54 120.768
5605.81 170.007
12420.5 292.06
13036.7 299.361
16703.6 123.741
19728.4 145.802

524.327 253.178
1005.34 120.14
1893.35 43.0376
4275.02 119.38
5627.76 190.204
12449.1 297.257
13042 322.181
16692.3 229.016
19200.9 335.488
19750 135.963

1011.16 144.531
1905.52 59.6962
4286.67 119.496
5650.39 306.877
11574 345.118
12473.7 315.827
13023.6 331.899
19213.9 325.226
19791 122.865

1010.78 228.546
1906.27 87.153
4261.53 116.626
11548 275.728
19219.9 347.499
19819.2 124.234

1905.21 122.728
4224.85 127.889
5822.26 186.987
11523.1 302.279
18359.2 283.396
19196.4 324.419
19838.7 106.276

1899.76 148.074
4188.76 181.535
5842.44 93.1119
11470.4 348.299
18372.5 253.677
19171.8 330.921
19848.8 83.5536

1883.49 155.39
4159.27 277.075
4732.83 322.182
5852.68 63.2612
6809.74 290.381
17232.1 251.491
18390.3 345.14
19849.5 73.0967

1868.01 147.431
4686.57 264.79
5856.74 66.918
6822.65 331.28
17274.7 203.907
19849.4 67.1742

1858.56 122.282
4645.3 271.509
5852.97 112.904
10981.1 270.544
17288.2 201.45
19847 71.4934

1362.97 302.67
1860.57 97.3198
4080.37 339.791
4613.89 261.23
5817.86 241.017
11037.3 204.832
16170.9 302.272
17277 249.876
19092.4 329.564
19837.9 108.774

1370.6 273.76
1868.02 81.5464
4091.14 259.459
4605.31 256.062
5705.33 322.21
11076.7 185.401
11707.3 316.773
12452.5 339.472
16089.6 322.732
19767.5 209.233

1377.49 254.112
1875.7 71.5222
4112.22 212.023
4601.14 292.326
5661.24 280.482
11079.9 209.531
11662.7 300.519
12455.7 349.443
18077.4 348.543
19646.7 200.578

1386.16 246.606
1883.43 67.5958
4139.35 192.839
5671.28 249.76
11042.7 258.839
11618.7 314.04
18096.5 333.48
19618.7 111.669

1397.95 243.684
1892.32 67.8365
4168.41 190.886
5691.93 212.47
10972.3 287.146
19613.8 73.3545

1413.44 244.313
1904.68 71.8599
4201.75 202.017
5713.91 163.991
10918.4 270.862
19592.1 61.1131

1429.05 244.216
1920.14 76.8941
4246.7 222.369
5736.12 122.297
10904.8 254.849
11786.7 347.499
18044.2 294.153
19572.8 52.8175

1437.02 238.353
1933.94 79.9185
4311.21 203.112
5754.78 92.5226
10904.4 269.701
18006.4 247.761
19569.7 48.6852

1442.22 243.185
1945.25 83.7641
4342.22 132.467
5765.75 69.3106
10915.3 278.513
16760.7 291.42
17984.8 281.462
19588.4 56.401

1446.77 258.498
1954.86 89.8964
4354.94 89.4721
5775.2 58.8507
10936.2 284.534
16748.1 307.287
17958.7 301.891
18798.3 304.988
19649.6 102.183

1453.59 277.21
1965.53 98.2705
4368.04 71.1847
5790.52 66.9232
10952.8 285.957
17974.2 338.881
18826.5 291.42
19807.6 162.49

1458.6 285.199
1977.23 109.268
3851.36 331.798
4384.45 64.6097
5815.98 97.52
10931.8 319.861
12236.3 202.292
16555.8 245.34
18876.7 323.394
19904.3 140.615

1461.99 280.615
1989.88 123.892
3858.84 316.884
4401.89 62.0243
5848.93 143.509
6959.71 300.359
12250 149.192
14976 259.415
16555.5 203.82
18919.2 302.626
19941.8 100.375

1452.62 253.125
1995.52 140.23
3878.85 271.445
4419.33 54.5876
5891.96 169.376
6955.91 189.01
10810.7 343.108
12275.1 141.493
14951.7 271.022
16593 279.345
18884.1 246.859
19952.7 102.108

1440.11 216.765
1991.96 150.734
3897.55 210.612
4434.82 44.506
5928.22 150.981
6948.23 125.16
10760.9 257.917
12296.7 132.614
14897.6 327.695
18082.5 320.814
18846.4 195.508
19940.3 138.966

755.818 321.297
1433.69 194.733
1987.4 156.559
3915.19 169.604
4449.79 38.9927
5450.99 309.358
5951.09 131.249
6954.57 102.722
10742.4 213.192
12303.3 140.149
14859 347.246
18827.7 214.542
19897.9 211.044

765.027 302.649
1434.71 192.873
1989.26 172.5
3931.17 154.615
4462.66 38.5308
5460.11 282.418
5962.28 122.877
6975.14 106.856
10738 214.288
12292.1 184.541
18832.5 315.52
19846.1 342.315

775.143 307.151
1438.79 195.781
1995.14 198.399
3939.85 153.99
4467.99 38.6634
5461.82 292.739
5960.47 113.395
6997.43 118.388
10738.6 229.599
12267.2 265.402
18817.4 237.538
19785.5 329.651

783.275 317.963
1442.57 193.33
2000.84 219.309
3941.31 161.435
4465.67 38.303
5449.99 326.773
5949.28 100.022
7008.91 127.795
10733.9 224.499
16763 280.212
18793.9 118.423
19731.1 285.061

785.989 321.684
1443.97 181.04
2000.84 216.645
3940.73 173.706
4459.78 39.4218
5933.31 85.4727
7005.82 139.301
10722.8 200.166
16816.6 173.782
18772.6 74.9604
19654.8 282.816

789.895 343.112
1447.75 172.094
2002.77 197.776
3941.96 213.206
4450.58 48.4311
5914.55 78.5094
6995.28 165.069
10719.6 180.433
12260.6 315.758
16889.1 177.438
18760.4 93.7467

1447.33 155.532
1994.97 164.75
3943.21 283.626
4432.37 64.3818
5891.22 74.617
6967.41 205.805
10704.6 198.885
12232.4 283.983
13094.4 283.613
16921 209.29
18760.3 152.919

1444.31 138.846
1980.61 127.427
4401.87 96.8488
5863.93 87.454
6924.32 289.806
10694.1 244.836
13080.9 263.263
16930.9 274.74
18812.7 200.858

1433.15 112.369
1953.25 88.3391
4354.7 165.264
5829.14 127.761
10024.9 282.572
10694.1 271.577
13033.2 260.63
13843.6 326.5
14873.2 326.03
16889.2 308.744
18841.3 183.416

1415.04 79.6194
1920.02 55.3863
4235.01 196.169
5790.9 207.305
9995.17 239.791
10698.9 265.58
12210 312.626
12973.8 240.641
13784.9 313.219
14835.5 334.162
16784.8 215.393
18803.1 203.583

726.774 338.714
1394.76 59.93
1890.08 38.1263
4181.06 130.529
4575.37 211.781
5784.15 332.395
9959.48 224.057
10719.6 222.1
12194.6 242.795
12937.1 255.751
16723.8 178.971
18709.6 178.021
19590.3 243.473

1371.67 53.753
1861.57 34.3561
4150.78 139.984
4579 147.003
5809.39 317.534
9927.73 225.957
10732.8 174.597
12186.7 199.999
12927 278.448
16716.1 237.899
18676.1 130.002
19587.9 162.862

1344.61 52.4251
1832.59 39.3199
4156.19 207.193
4567.92 157.455
5774.23 237.212
9938.8 243.527
10742.4 187.471
12192.6 202.505
12941.3 242.47
18683.3 111.614
19579.9 154.075

1314.78 47.1588
1803.76 50.5806
4215.04 253.212
4567.67 221.472
5743.93 212.859
9978.14 241.625
10770.7 227.03
12168 256.443
12938.8 268.975
18703 132.834
19588.8 160.628

1286.3 39.0517
1779.14 71.977
4230.46 212.293
4588.15 233.73
5751.25 271.883
6859.71 286.504
10002.1 226.54
10810.7 250.245
12134.7 282.8
12901.9 298.37
16683.3 275.96
18707.3 192.883
19579 183.967

1261.57 37.5048
1778.38 132.263
4200.42 208.623
4586.02 203.842
5788.35 221.252
6838.9 236.713
10006 210.614
10848.2 247.275
12110.1 289.884
12851.8 293.134
16649.9 220.612
18660.3 321.874
19527.1 222.728

1242.42 40.2135
1847.87 208.542
4185.86 267.272
4566.65 228.047
5768.62 174.153
6827.19 254.912
9989.15 188.623
10877.5 236.752
12088.7 311.5
12802.7 270.32
16590.7 254.095
19465.1 275.951

1225.75 43.058
1902.61 161.141
4220.17 312.325
4552.44 315.887
5744.64 151.911
6812.7 303.902
9957.51 159.18
10917.2 267.191
12777.6 261.573
16509.8 250.813
19442.4 340.9

1209.97 53.0971
1900.81 122.268
4234.24 281.577
5737.05 121.663
6777.98 329.525
9936.02 134.635
10944.7 301.032
16475.4 238.682

1207.37 74.8586
1888.13 115.906
4209.7 292.67
5739.65 85.0955
6745.64 309.896
9941.03 140.091
10895.3 248.46
16439.2 258.072
19685.3 297.14

1242.54 94.2613
1880.59 135.387
5729.69 87.819
6729.01 307.308
9957.19 166.376
10862.2 198.161
16406.9 275.38
19696.4 197.421

1283.05 91.507
1879.04 166.353
4555.64 309.421
5682.5 162.205
9953.14 199.46
10847.1 202.619
19692.9 168.558

1309.25 107.528
1866.37 227.114
4547.57 241.558
5565.48 196.188
9947.33 242.122
10841.8 261.328
12695.8 283.345
19690.8 170.074

568.5 266.955
1346.66 160.482
4540.39 216.237
5508.27 124.033
9966.88 269.333
10847.9 262.61
19738.3 161.485

543.839 158.835
1524.54 209.546
4550.33 192.518
5494.91 83.0208
9943.63 325.276
10832.7 218.806
19802.2 145.96

534.824 126.851
1381.71 210.629
1633.68 329.616
4534.67 209.68
5501.35 116.786
10788 262.142
18094.1 307.457
19835.7 133.304

533.617 134.484
1351.39 143.87
1806.05 253.926
4547.37 339.075
5599.08 285.919
19845.6 136

537.819 151.733
1321.9 113.086
1860.02 150.361
5712.45 175.572
19795.5 261.547

541.418 151.561
1296.75 81.112
1865.81 136.083
4212.68 307.897
4808.21 252.543
5725.17 215.72
19779.5 206.732

561.574 170.684
1287.66 53.1854
1869.92 193.244
4219.62 321.075
4771.03 286.845
5681.91 311.359
19795.4 260.353

616.157 260.606
1288.74 44.6093
1892.12 311.709
4713.15 281.649
19763.7 335.836

1281.73 57.9188
1902.49 346.611
4712.49 224.26

1252.3 59.8158
4755.62 174.73

1240.45 34.9692
4139.89 257.429
4797.14 156.752

1244.85 24.4765
4142.22 276.244
4801.65 192.339

1250.21 21.8886
4775.25 215.529

1258.9 36.343
4773.22 242.759

1329.31 245.801
3624.48 251.294
5991.32 314.258
12742.2 263.715
14509.3 297.824
16456.1 263.621

416.213 94.0698
3619.3 146.104
4371.59 287.817
5082.51 269.369
5971.29 331.645
6341.75 299.243
10645.9 263.516
12729.6 112.413
14459.4 204.083
16438.6 216.919
17991.7 300.923
18989.1 265.975

384.683 75.0085
3601.7 126.75
4351.85 242.214
5056.48 206.301
10628.7 212.635
12730.8 119.752
14376.3 233.088
16387.3 211.067
18002.5 315.583
18966.1 262.317

362.548 65.9168
3579.3 127.658
4338.26 221.499
5033.35 187.78
6015.71 318.067
8608.56 349.177
10616.8 174.32
12721.5 158.529
14204.8 257.462
16332.7 241.861
16976.1 340.84
18983 323.569

353.63 64.0762
3555.11 120.016
4328.8 197.958
5009.79 171.558
5982.09 234.226
8563.95 313.931
9529.48 299.783
10602.5 129.307
12684.8 214.155
14104.6 179.268
16295 305.436
19004.8 337.53

347.951 71.1012
3543.49 89.5417
4311.86 176.236
4984.29 167.366
5955.44 192.272
8516.93 282.664
9545.91 211.948
10587.7 104.494
12622.6 290.055
14066.4 138.496
16293.8 343.643

342.983 86.6847
3541.04 58.8897
4288 159.692
4964.3 171.589
5954.71 184.655
8487.13 248.413
9532.72 191.887
10588.2 110.322
12589.4 266.981
14042 119.464

336.43 99.909
3542.13 46.0588
4272.64 152.241
4970.18 146.622
5961.79 185.829
8475.73 240.435
9525.91 187.021
10599.3 123.963
12578.7 236.679
14025.9 103.362

331.354 98.9252
3551.34 46.277
4263.49 160.024
4991.91 109.95
5954.51 186.356
8466.83 290.136
9549.89 192.448
10601.3 150.126
11893.5 249.144
12567.7 271.538
14017 86.9279

331.764 92.7225
3575.68 45.2873
4260.11 155.32
5015.06 85.3565
5929.38 198.591
9582.76 224.916
10578.1 186.84
11852 184.722
14008.6 83.4496

330.063 80.6951
3601.31 37.8588
4253.79 143.889
5043.8 85.7964
5905.43 226.387
9575.7 312.573
10526.1 207.608
11845.6 155.978
14006.1 87.99
18985.9 316.489

328.383 68.9169
3623.52 35.3153
4251.53 153.721
5080.75 106.632
5913.33 230.601
8260.85 198.306
10491.5 214.994
11874.4 129.885
14009.6 118.444
18990.9 189.745
19913 298.129

329.48 61.8522
3645.5 39.0015
4263.25 187.22
5109.15 141.22
5943.6 213.094
8261.17 141.628
10483.8 217.5
11886.6 164.963
14018.4 132.094
16422.8 319.265
19004.6 130.62
19928.1 272.672

330.863 56.1181
3666.17 51.0136
4279.85 274.218
5105.44 222.23
6004.75 249.278
8258.81 124.926
10513.5 262.344
11847.2 170.002
14022.2 117.509
16410.5 337.204
19010.6 133.897
19936.3 325.378

331.363 50.2399
3679.99 87.9839
6117.1 296.153
8245.51 120.679
10559.6 293.489
11830.9 122.343
14013.8 129.583
16440.8 339.648
19005.2 140.709
19879.8 242.844

329.635 43.0714
3656.39 220.801
4916.87 319.912
6210.98 276.73
8226.45 117.915
9684.26 323.991
10568.8 332.664
11836.6 112.632
14015 161.579
19013 164.874
19874.9 267.908

329.411 37.3143
3556.8 218.779
3966.86 293.118
4926.29 233.387
6280.16 301.634
8212.01 110.88
9687.88 269.659
11846.1 148.64
12527.7 261.247
14016.7 181.236
16524.6 335.375
18278.2 283.492
19018.9 147.675
19859.9 304.896

329.711 33.146
3534.23 152.759
4009.98 240.425
4962.77 202.709
8206.02 131.458
9702.33 275.412
11850.4 285.137
12548.6 212.007
14028.3 189.409
18286.6 326.299
19021.1 203.511

330.338 30.7651
3536.44 125.103
4035.9 255.814
4998.25 176.828
8229.74 184.444
9795.03 338.911
12542.5 205.342
14047.3 208.677

330.568 29.2658
3538.33 118.877
4020.36 302.125
5021.37 166.207
6075.94 299.561
8286.15 192.865
9863.26 301.345
12539.2 235.381
14068.6 234.992

330.602 28.5534
3535.02 122.237
3972.97 328.675
5036.09 156.773
6087.72 183.945
8310.76 160.737
9868.86 322.174
12539.3 304.156
14080.1 311.771
19477 300.091

330.492 28.1998
3526.54 131.495
3922.83 305.19
5043.08 138.976
6093.5 131.995
8300.29 188.724
19473.4 214.21

329.978 27.7235
3517.11 144.063
3894.72 243.199
5035.17 114.569
6081.27 129.113
8277.3 304.399
19444.3 201.586

329.172 28.7905
3515.45 160.633
3879.67 186.92
5019.84 99.9536
6058.8 123.475
8270.19 306.423
19435.4 265.259

329.784 38.3969
3518.2 195.775
3862.86 170.02
5005.31 116.065
6062.36 107.808
8286.89 301.153
11934.8 333.991
19379 266.503

340.835 76.5517
3516.13 271.71
3849.87 183.491
5001.23 160.568
6077.24 98.6519
8314.4 280.836
11893 246.546
12689.3 291.132
19427.4 219.056

377.888 160.509
3861.56 185.665
5013 219.295
6094.37 95.547
8302.44 312.47
9808.79 229.777
11860.2 212.926
12693.1 249.51
19498.1 172.585

429.659 242.504
3886.73 152.712
5028.48 277.992
6122.71 111.706
9807.8 265.424
11844.4 197.611
12692.2 231.297
19540.2 168.538

453.114 272.39
3898.62 117.998
5035.47 338.369
6165.79 139.849
11842.7 218.936
12701 282.279
19571.5 197.036

461.449 266.821
3895.42 93.6297
6201.11 166.317
11857.3 269.547
19630.9 307.091

441.934 254.695
3886.83 88.3927
6230.95 183.281
10026.9 313.967
11832 249.937
12760.2 271.684
19747.3 340.303

391.992 207.2
3887.67 103.33
6284.07 163.945
10025.7 237.922
11794.4 213.835
12774.4 154.911

359.385 148.249
3893.83 134.13
6305.94 155.326
10054.9 293.98
11773.4 194.235
12750.8 130.736
19790.6 348.002

363.268 132.461
3892.69 161.917
6317.45 185.253
11768.8 209.546
12722.9 147.318
19804.8 272.165

394.623 172.741
3913.41 152.588
6311.53 195.642
11778.9 189.203
12703 188.793
19119.8 296.709
19798.4 210.154

413.526 177.294
3953.85 134.23
6285.98 181.449
11803.4 159.426
12679.9 228.824
19090.3 282.698
19777.4 183.323

433.807 180.736
3985.22 143.291
6256.48 187.607
10460.1 312.906
11826.7 150.401
12675.1 286.801
14377 333.536
19056.2 329.033
19766.9 195.338

475.391 220.262
4004.99 156.907
6207.76 230.769
10471.6 342.766
11857.9 154.975
14266.5 219.577
19024.8 328.075
19761.6 191.057

499.901 252.4
2431.67 316.985
4033.69 150.903
8675.65 148.089
11914.3 138.082
12778.2 278.027
14233.3 134.265
18984.8 308.009
19764.5 194.974

562.669 299.231
2391.24 341.768
4056.35 168.32
8694.2 90.9739
11958.5 116.476
12776.8 229.779
14241.8 98.0014
18936.9 288.18
19779.4 304.214

692.947 271.405
4057.59 242.33
8674.23 125.24
11978.9 146.89
12754 291.573
14251.3 75.998
18947.6 266.964

754.172 118.867
4117.74 317.762
8608.77 205.869
10028.9 341.834
10690.8 337.381
11993.5 253.299
14257.7 72.5545
15608.4 200.558
19010 262.543

773.759 46.6105
2312.82 293.638
4185.62 188.175
4861.84 272.253
9066.17 332.066
14271.8 149.019
15611.9 159.623
19067.8 235.241

784.64 22.4834
4209.17 203.773
4849.41 196.608
9058.58 324.379
15638.3 196.866
18257.7 242.793
19081.7 135.455
19749 311.432

791.352 17.8897
4833.93 196.247
9119.25 341.607
10908.1 334.375
13485.9 297.964
15672.3 264.176
16561 333.02
18264.6 100.749
19080.7 72.3214
19738.3 130.156

795.588 20.0292
4804.13 175.289
9176.38 340.19
10910 268.256
13508.1 252.992
16489 161.61
18267.5 76.1313
19073 60.6882
19735.8 74.4875

799.31 22.9498
4785.87 108.226
9188.97 342.548
10880.6 274.44
12623.8 296.335
13550.5 265.669
16493.6 156.2
18257.8 115.919
19054.8 84.5999
19736.2 54.7883

805.067 31.8256
2294.1 287.568
4048.24 232.075
4796.87 59.8296
9165.43 348.487
10853.3 236.706
12620.3 272.547
13557.7 264.143
16502.5 208.279
18226.9 275.628
19023.7 150.097
19726.9 47.0306

815.062 51.9102
2324.46 215.594
4069.53 152.876
4819.33 53.7859
10853.5 194.547
11975.9 331.407
12620.4 284.57
13524.8 234.733
16510.6 243.779
18972 216.543
19712.3 60.2673

828.239 82.0121
1543.81 347.246
2344.67 215.622
4118.57 158.93
4841.56 94.3544
10854.3 185.366
13485 242.294
16568.1 276.691
18945.2 238.918
19707 84.8995

839.73 117.843
2361.72 259.53
4178 224.888
4851.38 172.916
9695.01 298.497
10852.8 194.526
13466.3 275.264
16634.4 310.109
18944.1 281.623
19724.1 156.25

843.561 153.038
2373.37 332.517
4828.41 257.177
9698.74 224.07
10864.9 224.516
12033.1 284.687
13474.8 257.025
18966.1 258.275
19741.8 319.04

845.957 176.969
4739.82 263.667
9728.12 217.57
10871 346.413
12019.4 220.788
12612.1 308.268
13489 214.669
19018 311.787

844.346 198.135
4718.16 161.284
5683.51 251.351
9734.81 306.019
11996.4 224.146
12616.4 261.839
13495.7 181.572
19450.8 303.313

842.187 223.87
4739.13 117.758
5697.2 149.788
11950.3 287.68
12606.5 260.336
13505.5 181.105
19439.5 217.17

837.948 258.91
4765.05 99.9394
5719.87 110.236
9663.4 266.691
12581.3 285.018
13530 230.646
16864 291.017
19451.7 202.001

834.781 295.699
2230.01 277.796
4123.79 312.465
4783.83 99.3947
5749.4 104.075
9700.08 215.729
12526 336.611
16885.3 288.667
19499.1 206.107

826.698 324.656
2232.18 210.082
4116.97 276.158
4790.76 121.161
5787.89 122.212
9734.65 239.265
11636.1 329.458
19498.5 241.224

2246.19 158.036
3575.35 328.64
4114.4 256.287
4766.14 169.388
5826.87 169.839
9798.78 330.256
11647.3 267.08
12624.7 295.176
16622.5 329.945
17051.1 347.046
19487 216.475

2257.27 128.975
3585.59 280.102
4127.37 279.187
4713.71 218.289
5856.57 189.611
9952.37 330.336
11679.1 230.486
12652.7 172.916
16591.5 305.231
17064 332.083
19486.7 158.36

2264.9 119.67
3620.33 248.882
4175.01 332.279
4700.7 262.713
5885.75 164.937
6892.05 280.036
10017.4 246.323
11735.1 255.499
12655 144.121
16556.5 305.55
19491.1 139.293

796.263 331.204
2275.97 118.337
3648.69 205.889
4247.33 336.16
4768.72 323.417
5907.45 166.967
6888.67 214.041
10080.8 258.391
12603.4 221.407
16554.1 223.421
19517.7 215.136

835.019 293.702
2293.83 117.24
3653.68 181.679
4281.92 325.358
5921.79 207.005
6901.43 219.46
9652.62 225.55
10143.2 284.377
11646.6 321.519
12522 313.253
13635.9 284.166
16566.9 191.779
17190.8 267.643
18366.9 247.006
19625.5 338.703

870.583 241.139
2311.19 113.017
3645.47 193.66
4277.1 328.721
4941.91 349.737
5930.86 257.651
6910.6 270.172
9674.75 144.765
10180.3 292.681
11674.1 267.023
12470.3 349.585
13638.8 257.291
16572.2 259.468
17179.4 191.196
18400.2 161.265
19305.1 340.576
19764.8 322.222

886.424 201.665
2321.61 109.976
3625.47 253.266
4248.96 283.725
4979.1 318.296
5932.5 283.192
6899.46 338.404
9694.67 112.331
10192 304.665
11704.6 267.493
13667.4 278.383
17186.2 137.683
18440.4 141.098
19385.5 261.292
19842.7 280.405

894.01 177.062
2325.38 107.309
4225.88 199.869
4979.16 292.145
5932.97 296.147
9717.01 104.267
10192.7 348.893
11741 274.605
17218.1 114.355
18469.1 182.018
19440.4 260.307
19864.2 326.175

897.789 160.724
2323.37 104.173
4220.85 136.4
4958.78 266.192
5949.57 295.234
9739.05 99.6956
11751.5 254.741
12288.2 277.633
17261.4 141.387

901.162 140.233
2318.18 95.3644
4225.49 100.901
4934.48 234.888
5984.23 272.219
9750.69 87.7498
11732 213.582
12224.7 181.923
17282.3 203.736
19628.2 212.304

903.742 109.516
2313.98 83.2307
4228.94 92.5789
4916.81 216.718
6014.52 246.348
9742.26 76.0669
11701.8 241.256
12163.7 170.557
13545.3 261.984
17271.9 305.205
19643.9 210.986

900.088 86.6855
2306.12 75.113
4219.98 117.086
4906.27 241.875
6042.09 222.867
9722.72 87.2588
12146.9 283.923
13624.3 250.896
17007.9 227.846
19318.4 222.864
19742.8 272.491

891.806 77.3514
2294.88 65.4364
3396.24 349.243
4196.02 170.932
4882.69 314.535
6070.49 202.574
9711.61 115.958
11785.9 289.634
13717.7 309.97
17019.1 119.695
19318.4 149.787
19832.8 209.906

879.761 92.6176
2284.46 54.7507
4172.29 256.475
6096.79 169.667
9710.87 147.005
11747.6 248.733
12411.6 300.393
15360.4 317.576
17012.6 81.4207
19316.7 146.222
19873.6 140.36

854.36 146.078
2275.3 58.857
4168.18 349.527
6114.54 133.455
9717.26 176.924
11679.4 224.626
12482.6 223.129
15354.1 302.819
17004.2 69.5098
19320.8 210.305
19891.5 107.89

786.159 213.455
2258.96 90.0636
4800.02 275.086
6131.11 115.983
7445.33 243.596
9736.01 199.864
11623.9 192.584
12550.1 172.521
16993.9 87.0236
19896 100.255

603.905 248.109
2201.39 224.976
4802.95 199.13
6155.46 96.7313
7498.65 125.947
9783.78 243.245
11632.1 214.636
12633.8 135.262
16955.8 246.411
19892.2 115.871

505.07 90.628
2020.62 310.276
4806.76 185.486
6165.07 57.9668
7554.42 62.0783
9816.66 231.176
11760.6 314.371
12714.3 128.553
19875.5 214.739

499.853 60.2418
1966.39 313.843
4824.06 131.587
6168.18 48.2597
7556.22 62.6941
9828.95 201.261
11836.2 312.833
12769.1 153.227
17052.7 241.799
19774.9 271.534

515.026 82.2415
1965.95 298.011
4823.85 100.373
6186.98 58.4284
7554.9 94.5738
9851.12 182.735
11813.6 325.698
12776.2 241.027
17072.4 233.309
19399.4 308.076
19787.1 203.886

531.964 119.621
1977.74 267.804
4831.13 89.9804
6207.09 85.171
7551.96 163.806
9863.05 211.021
11717 330.218
12685.3 349.517
17068.9 341.258
19773.2 249.736

548.499 169.655
1986.77 259.488
4326.59 320.045
4844.1 83.8374
6218.86 126.015
7538.65 233.067
9840.65 258.464
11621.9 285.728
12598.4 257.363
13222.6 342.757
19754.3 299.903

564.38 244.346
1989.88 279.512
4348.58 225.13
4853.14 70.0076
6222.18 159.391
7540.53 267.017
8693.46 318.577
9779.99 255.966
11548.3 279.071
12561.5 167.522
13276.7 317.242
16902.6 294.379

1044.34 347.838
1993.25 328.701
4359.04 152.204
4852.65 56.3417
6205.11 174.028
7594.59 260.722
8697.22 235.551
9736.2 202.487
11489.1 340.247
12520.6 125.313
13344.5 345.282
16871.2 254.55

1004.41 258.574
4349.88 176.209
4852.76 87.6457
6087.34 248.372
7596.96 246.372
8693.94 243.985
9726.82 220.866
12466.9 134.885
16869 316.612

982.472 180.555
4292.05 240.06
4840.81 195.586
7539.33 263.664
12383.3 202.54

967.643 124.258
2348.99 159.517
4254.96 263.627
4836.19 295.219
7525.31 288.259
12287.4 205.706

958.112 97.7007
2350.58 112.907
4263.97 343.706
7508.04 247.597
12254 178.849

948.751 103.439
2341.97 83.7424
4299.3 332.983
4985.64 314.697
7464.33 162.154
11441.7 243.914
12253.9 157.152
15459.9 311.092
19894.3 84.3335

926.784 173.018
2326.26 74.5968
4339.53 337.092
5038.87 243.134
5908.37 241.919
7420.61 117.457
10395.5 265.795
11470.1 187.908
12283.7 190.477
15447 298.851
18305.2 285.91
19893.4 79.3565

876.376 280.236
2308.44 65.3983
5052.8 240.531
5936.53 197.648
7399.2 103.381
10402.3 221.001
11487.8 140.962
12368 198.07
13317.9 248.152
15436.5 342.53
17413.1 333.001
18322.9 208.882
19874.9 101.912

850.652 330.565
2296.75 56.6168
5036.43 347.694
5968.59 269.46
7401.92 145.697
10415.4 242.327
11502.4 125.247
12429 148.788
13282.5 169.981
17395.3 330.431
18323 229.543
19826.3 106.985

851.652 348.292
1576.29 341.239
2294.37 52.39
7447.53 262.037
10382.8 322.879
11522.4 151.159
12454.2 141.873
13286.6 145.687
17380.2 337.137
18324.9 347.453
19789 94.8344

1560.83 301.682
2296.15 49.8152
10269.7 286.1
11523.7 207.61
12469.6 167.685
13299.5 144.77
17394.6 331.571
19797.3 91.1934

1534.08 282.442
2296.2 50.7467
4982.03 343.083
5963.87 314.647
10225.5 172.161
11480.2 317.1
12487.9 203.293
13296 160.592
17423.2 340.156
19841 106.173

1507.95 270.373
2294.4 55.5324
4261.04 347.414
5027.08 311.708
5975.38 221.079
7804.77 253.575
10223.7 150.144
12524.2 213.204
13268.9 200.035
17470 304.949
19890.5 133.322

1501.83 248.169
2294.58 58.9011
4228.67 264.126
5058.94 326.278
5953.99 221.389
7833.45 224.372
10250.3 162.485
12545.3 245.256
13242.7 244.916
15235.1 306.636
17544.7 190.092
19922 154.964

1500.07 222.608
2299.46 62.2239
4222.73 211.955
5914.72 266.263
7835.52 262.427
10266.1 186.703
13251 289.9
15243.3 238.891
17615.3 119.328
19922.3 190.084

1497.71 199.509
2308.7 65.0182
4226.94 207.423
5875.14 316.347
10287.3 338.53
13280.4 260.679
15263.6 246.662
17647.1 128.534
18505.1 346.544
19877.2 220.037

615.482 311.1
1490.93 215.304
2323.32 78.4801
4220.61 277.901
10064.9 316.2
12631.8 326.174
13311.4 252.429
15275.3 296.635
17661 215.497
19817.2 325.624

606.995 286.838
1468.49 319.024
2351.31 109.488
10060 261.591
13337.1 343.794
15316.9 319.846
17641.8 323.287

607.58 298.468
2405.23 149.58
4184.52 341.313
7700.34 286.248
10067.6 270.699
12023.5 292.528
15403.6 255.399
17591.3 281.04

573.995 247.3
1117.36 226.382
2497.74 186.279
4203.44 272.179
5884.47 293.874
7702.15 259.761
10092.8 349.639
12032.8 200.766
15465.4 193.071
17550.2 247.122
19180.1 330.158

547.559 134.245
1069.9 73.1738
2604.85 193.895
4184.04 242.078
5921.86 218.318
7721.69 303.474
12025.2 261.649
15511.5 175.411
16437.3 342.618
17512.2 261.735
19169.4 199.648
19828.1 223.673

545.691 98.4778
1064.14 41.7063
2668.73 221.856
4174.45 210.714
5982.4 192.664
10364.5 327.629
15567.9 209.096
17484.1 314.395
19176.6 168.182
19856.6 157.786

554.292 119.959
1070.74 48.6286
2694.93 257.236
4173.12 187.732
6050.25 137.51
10323.1 251.339
12339.6 263.829
15655.2 342.088
19182.5 207.409
19851.1 146.11

557.077 132.078
1073.33 57.0681
2672.14 277.708
4163.88 187.433
6077.82 96.5895
7841.04 333.142
10324.4 191.954
12387.8 276.752
19154.2 284.459
19809.5 143.338

550.777 120.415
1068.63 57.9665
2605.99 184.275
4115.16 279.102
6076.77 91.4358
7815.34 272.698
10342.6 175.78
19151.6 277.559
19764.5 175.765

543.413 117.237
1061.91 63.0197
2588.9 128.572
6064.97 73.6079
7799.31 202.07
9155.31 338.945
10339.1 209.022
12261.6 295.51
19239.3 299.09

535.975 122.01
1056.99 76.5994
2579.18 115.457
3692.24 283.235
6069.91 55.34
7796.28 152.953
9174.69 330.879
12270.1 288.052
19287.1 237.89

530.615 128.061
1061.07 104.263
2561.98 144.969
3707.23 333.8
6077.7 71.2468
6940.54 287.111
7792.86 162.245
12247 275.401
13079.8 323.638
14609.2 312.599
19277.3 242.29

521.498 109.952
1070.49 132.546
2525.55 175.493
6083.25 108.867
6907.82 244.999
7803.94 219.763
12221.9 225.614
13088 265.955
14624.7 241.506
19270.6 265.787

507.26 78.8339
1075.41 153.969
2491.68 171.586
6090.34 138.608
6876.98 243.081
7831.37 289.382
11134 321.904
12214.3 182.951
13065.9 222.474
14637.2 222.599
19256.4 312.52

492.965 55.57
1078.58 173.186
2461.97 165.841
6101.44 147.74
6841.7 319.705
7858.1 316.686
11148.4 284.214
12218.3 167.022
13021.1 228.493
14621.9 318.942

479.285 42.5294
1093.11 202.271
2448.44 163.573
6144.98 151.432
11066.2 328.689
12237.9 246.334
19781.6 191.163

462.018 34.2164
1123.88 265.478
2423.24 333.4
6173.04 143.167
18976.8 250.56
19696.8 153.114

443.232 38.6572
3580.72 326.33
6193.47 165.121
8778.64 301.655
18940.1 264.97
19624.2 239.701

426.415 67.8703
3570.83 246.392
6200.72 176.824
8765.21 309.182

432.132 171.52
3554.2 261.575
6193.4 168.808
10684.1 312.566

2445.12 318.021
3535.04 330.094
6183.62 172.208
19364.2 320.701

2439.19 300.288
6157.58 226.164
19377 268.06

2441.23 283.565
6067.49 330.46
10019.2 349.635
19340.7 210.477
19827.1 319.632

2469.18 325.81
5980.61 298.242
10037.8 300.638
19316.4 268.21

5965.9 307.943
19296.1 256.07
19862.4 269.745

2552.13 335.946
6002.89 329.022
19248.1 298.013
19847.8 261.208

2572.92 297.297
6041.06 334.035
19153.3 309.545
19812.1 273.317

2594.44 323.081
6057.12 346.544
19097.5 309.206
19791.4 268.751

6066.3 294.3
19030.4 315.111
19746.4 265.45

603.021 282.9
6057.61 225.759
19747.8 261.645

554.969 191.421
6051.87 204.225
19825.3 334.518

536.5 162.343
6062.92 204.605
12611.3 321.608
19913.5 309.768

536.166 178.173
6084.92 203.95
10118.7 337.623
13674.5 235.03

542.587 204.634
6095.51 263.756
10151.6 307.482
13634.7 314.098
18573.5 302.327

577.423 319.114
9217.18 310.166
18588.3 303.129

6330.22 246.628
9256.27 320.408

6311.78 274.036

2640.72 294.161
6273.39 338.353

2660.01 308.657
10180.8 337.608
19845.8 291.001

2667.2 339.951
6390.29 277.376

6377.74 216.979
19651.4 265.129

6316.49 192.506
19667.3 187.886

6298.53 231.816
14553.1 307.083
19674.8 191.776

4956.14 321.569
6308.86 223.986
14583 260.305
19675.3 208.179

4907.21 237.792
6310.02 178.917
10041.1 333.759
11896.7 314.685
14598.6 298.025
19718.4 190.4

4865.06 228.311
6322.72 140.087
10068.4 280.996
18249.5 345.096
19758.4 171.975

2892.33 333.615
4824.72 295.294
6335.98 146.546
10052 297.951
19745.3 186.39

2924.27 207.56
6354.39 219.693
13370.7 332.295
19697.8 183.111

2909.27 189.17
19708.7 161.363

2894.17 267.345
19711.3 162.466

6038.35 341.645
12028.7 276.197
19702.9 194.411

6050.45 232.882
11982.1 218.286
12941.6 336.716
19681.9 257.48

274.482 251.581
6051.26 186.425
10223.4 306.47
11940.7 201.46
12908.2 266.885

203.932 149.247
2255.1 327.437
6047.47 293.021
10211 339.117
11861.9 214.885
12887.9 346.63

151.619 41.074
2274.57 196.5
18583.9 325.143

129.542 16.4062
2238.72 266.188
5653.91 293.867
18569.7 338.842

123.814 16.0164
5690.53 259.673

122.864 19.9393
5736.15 330.84

120.365 21.8589

121.137 27.2669

128.485 74.8878
2858.74 346.42
3707.11 236.699
4440.01 251.87
12202.8 314.508
19684.3 291.963

3688.74 222.992
4490.5 272.228
8357.21 302.965
12180.2 246.069
19680.8 133.42

606.356 284.525
3669.35 257.295
12197.5 262.65
19022.7 349.457
19694.1 95.1512

578.462 264.82
3658.2 291.482
12229.3 336.843
19031.5 318.251
19702.2 85.9796

549.881 245.274
3641.72 349.894
19038.1 319.048
19714.6 94.5709

512.52 183.757
7010.21 338.556
9838.03 316.581
19029.4 342.858
19731.1 127.467

483.82 112.078
4096.97 273.071
6081.22 346.158
6985.45 279.755
9849.31 233.079
14065.2 283.721
19751 172.979

467.243 90.3513
3316.15 349.814
4108.07 250.485
6089.68 293.887
6985.52 257.553
9840.6 197.532
11385.3 313.032
14045.2 243.366
18159.1 343.407
19750.6 197.872

423.854 78.1625
6029.28 261.108
6974.46 300.087
9847.01 205.089
14020.2 338.042
18120.6 336.551
19751.2 208.404

393.215 35.5995
3106.01 226.403
5953.98 231.586
9921.62 236.114
19769.2 174.001

392.24 25.2846
3073.82 214.939
5924.37 302.35
9977.76 187.126
16842.1 296.698
19815.9 155.46

396.156 24.1038
5925.28 341.382
8195.62 343.99
9992.85 213.202
19081.4 304.529
19870 113.566

401.648 21.8631
8140.21 303.971
9976.29 280.965
19133.6 301.733
19887.4 77.9543

408.96 22.4493
907.505 270.469
2551.15 252.168
4036.1 285.768
8120.41 304.341
9960.44 261.6
19870.7 82.2081

415.547 23.7081
903.381 193.58
2530.81 257.673
4043.98 216.558
9966.19 221.514
19823.7 153.058

421.349 25.6604
901.336 148.485
2520.7 223.472
4079.72 258.039
9933.09 272.125
19835 267.013

426.209 28.5032
899.954 121.73
2507 161.508
4134.59 339.407
5909.82 303.134
6964.32 301.7
9887.14 327.027
19892.7 315.634

431.414 39.7533
904.203 129.403
2486.22 164.074
5957.78 176.045
6989.84 333.177
12408.6 311.643
19920.5 330.533

438.722 63.5003
914.282 165.41
2438.49 274.067
4246.92 339.887
5958.14 138.469
12427 207.623
16776.2 332.418
18279.4 338.916
19925.1 219.24

448.74 94.405
928.833 205.677
4281.61 285.688
5929.54 165.93
10065 215.751
12074.4 349.704
12449.7 167.974
16838.5 338.813
18266.6 315.383
19886.9 118.448

463.221 134.324
950.165 254.417
4281.84 209.792
5885.5 227.502
10081.2 130.706
12108.2 334.823
12454 169.068
19876.9 81.8142

473.485 158.464
966.581 262.142
2123.23 325.176
4259.01 255.783
10049.7 104.273
11069.8 332.385
12463.5 261.893
13923.7 257.862
19875.5 110.03

488.435 186.267
998.149 278.572
2098.57 273.651
10002.8 109.625
11034.8 255.919
12441.9 343.904
13922.8 198.838
18445.8 246.135
19174.2 145.718
19830.4 197.024

515.063 234.471
1043.44 322.032
2093.29 210.778
6439.89 273.687
9982.59 153.249
11027.4 271.988
13917.4 193.676
18439.4 170.52
19174.7 107.204
19709.5 308.811

564.097 310.239
2071.87 152.822
4099.05 314.525
6409.61 321.822
10000.6 257.492
12427.4 322.009
13895.7 278.376
18438.3 149.241
19193.2 99.0647
19807.8 184.465

2038.54 117.359
4111.95 258.049
10073.4 311.389
12484.6 323.147
18490.5 142.791
19207.1 159.489
19877.5 100.857

2007.6 87.9262
4115.81 284.113
4938.8 320.974
10113 250.805
11080.2 299.47
12580.3 288.921
18544.4 130.486
19195.7 225.094
19895.6 72.7345

690.152 321.59
1985.71 63.4279
10113.7 242.976
11089.1 296.255
12612.9 290.62
18567.5 117.776
19180.5 224.276
19901.5 59.726

691.61 289.514
1181.2 346.441
1975.18 50.6069
12570.8 335.906
16340.7 306.575
18559.8 126.022
19157.1 240.02
19910.3 59.5119

700.441 270.296
1213.24 289.549
1973.9 51.2864
16377.7 282.176
18514 172.105
19114 325.43
19920.8 74.9614

719.485 253.542
1242.35 251.48
1976.41 63.9046
5665.92 346.66
9663.31 343.499
12337.9 299.261
16440.5 296.623
18501.2 172.626
19917.7 112.734

736.169 239.799
1264.96 226.76
1976.96 89.636
4826.24 339.417
5666.76 286.145
9644.95 321.226
11584 338.225
16470.6 256.082
18506.6 150.047
19872.5 190.103

738.396 249.61
1277.32 220.347
1968.94 134.08
4821.92 320.922
5700.8 261.434
6578.58 323.703
9609.15 338.39
16461.6 296.574
18523.5 165.031

717.733 298.325
1275.78 246.622
1945.9 213.337
5754.98 272.241
9571.72 328.26
18535.7 269.759

698.776 333.37
1274.59 272.414
1902.55 292.613
5801.61 268.953
9531.94 314.778
11158.3 311.153
19459.8 340.101

1274.42 303.403
1832.35 332.984
4810.19 335.918
5837.8 259.119
6895.18 331.597
11112.1 236.319
11663.4 334.159

1737.39 294.967
4186.07 334.647
4838.18 297.718
5876.08 293.556
6921.07 321.711
11106.1 194.79
11674.8 264.492
12387.6 282.61
16431.6 300.214

1680.23 185.817
4221.64 296.935
4889.03 273.322
11129 191.058
11683.7 235.836
12421.5 193.704
16427.5 289.799

595.012 322.338
1169.31 330.112
1668.94 114.545
4239.85 293.582
4939.07 277.905
11165.7 201.4
11690 275.023
12460.8 162.559

584.494 301.575
1164.19 315.652
1670.97 81.3872
4240.03 263.311
4973.65 290.323
10011.6 275.353
11178.7 181.927
11695.9 326.4
12493.8 183.154

584.279 293.744
1170.96 311.034
1677.16 65.8874
4249.04 182.647
4988.29 303.356
10020.2 122.259
11167.1 178.416
12514.5 256.886

580.069 277.701
1179.5 294.835
1688.39 60.1124
4284.53 130.117
9997.37 74.2315
11165.5 204.764
12509.3 288.422

570.341 254.176
1188.72 277.18
1707.43 62.0213
4336.35 114.714
9982.79 77.0423
11183.1 296.088
12504.7 320.892

556.644 225.118
1193.3 263.812
1733.93 69.4198
4388.42 123.671
10003.9 96.306

541.72 194.75
1187.42 255.158
1766.81 80.5582
4443.01 149.842
10038.6 80.7439

522.514 160.289
1151.22 239.391
1796.67 89.8819
4507.61 195.557
10049.5 58.7654
11437.6 283.382

502.214 125.433
1080.63 197.993
1812.27 90.0237
4570.97 238.646
10042.2 53.1206
11438.7 290.535

483.944 85.43
1006.3 121.776
1819.88 79.1209
4620.68 293.241
10015.4 64.3755
18751.6 346.269
19799.2 172.198

476.382 62.2438
970.397 76.0785
1832.26 71.9358
9963.97 85.1216
11258.3 330.443
16507.9 315.848
19798 109.951

478.452 62.0391
974.411 78.407
1805.51 109.974
9931.8 104.203
11259.5 231.446
16530.6 287.117
19756.6 167.548

484.472 75.5427
1005.34 122.566
1704.34 188.629
6911.27 244.041
9883.8 127.359
11284.2 217.108
12127.3 340.595
16548.5 300.048
19822.7 207.067

484.66 76.6754
1038.6 178.342
1590.5 204.936
5089.29 342.273
6904.47 117.022
9819.85 87.8101
11295.5 251.397
12141.4 315.606
12737.5 328.735
16558.9 328.452
19891.3 156.675

481.496 69.7244
1089.36 233.982
1536.99 201.013
4580.55 243.599
5103.13 270.51
6908.11 62.8432
9787.51 46.1306
12828.3 348.392
19913.3 134.205

473.541 55.745
1158.25 261.496
1513.53 227.144
4603.7 189.428
5107.56 263.758
6914.8 42.3711
9794.63 35.6144
10993.9 262.968
11507.3 348.899
12923 305.832
19916.6 137.736

461.467 40.2332
1215.53 251.389
1500.49 274.768
4631.76 187.616
6920.24 39.6229
9821.48 38.1453
10985.8 228.088
11522.9 280.894
12966.4 298.59
19908.1 232.67

449.149 30.6345
1253.13 233.953
1518.37 304.775
4683.09 246.333
6917.28 69.0314
9836.66 46.2361
10948.8 208.899
11511 227.373
12101 334.276
12979.4 310.361

438.226 33.9822
1312.34 201.37
4707.04 211.562
6908.68 183.121
9830.51 77.0186
10860.9 239.262
11477.5 227.765

424.007 55.8667
1368.79 134.576
4654.8 289.336
8251.73 289.639
9813.2 216.055
10776.1 305.174
11513.3 225.784

394.837 89.4847
1391.59 105.112
5494.69 298.348
8285.46 309.678
11525.7 182.511

370.783 95.291
1384.3 108.785
5496.65 252.149
11476.2 245.546

370.793 94.8143
1364.12 144.22
5526.08 213.518
19796.6 206.893

370.384 112.912
1336.1 312.778
5556.72 190.651
19854.6 215.796

352.776 112.228
1013.32 283.557
1567.48 245.901
4218.61 286.352
5613.4 171.45
18700.3 303.702

349.108 126.518
957.26 151.063
1645.99 230.484
4209.73 193.241
5662.76 197.022
18701.1 298.274

336.602 166.944
943.493 147.226
1769.02 290.763
4233.44 207.987
11335.8 339.308

268.399 132.003
988.732 213.113
11284.9 282.796

11100.1 319.258

1533.22 229.001
5564.23 251.281
8417.07 186.91
11050.6 264.3
13973.5 175.558
16335 306.205
19614.3 180.495

1436.51 160.919
5624 225.426
8364.03 291.648
9944.18 347.672
11105.6 314.999
13998.9 169.654
16369.8 189.447
19587.2 252.19

1435.6 162.849
5642.63 153.531
9762.55 335.64
11095.8 287.017
12284.6 279.494
13976.9 226.212
16386.1 198.049

1464.79 165.159
5648.07 155.475
9695.51 294.454
11071.9 304.701
12201.1 240.896
16408.6 238.313
19783.4 245.793

1484.73 156.776
5654.84 209.537
9672.42 291.896
11067 326.181
12139.7 278.882
16412 341.941
19156.8 316.133
19843.3 193.781

1500.85 184.498
5628.46 298.914
9654.69 337.463
11068.3 347.622
19230.1 262.299
19903.3 116.091

1518.23 257.252
7910.13 303.531
11092.1 334.78
19210.4 260.938
19900.6 106.294

492.08 279.032
1291.35 303.892
1571.09 187.081
7896.75 250.604
13455.4 311.995
19232.4 295.539
19881.5 95.5708

433.139 162.838
1149.59 233.568
1555.15 187.718
13414.1 232.833
19212.6 297.671
19831.3 112.201

423.961 139.726
1105.5 180.388
1569.07 268.628
9408.14 342.522
13371.1 232.51
19199.9 341.44
19804.2 132.408

430.244 145.953
1103.27 168.003
1586.55 183.252
7457.9 210.885
9425.89 277.106
12100.3 312.881
13324.4 224.97
18217.5 332.426
19821.5 155.443

443.532 165.365
1117.22 176.163
1593.19 125.572
7459.09 166.746
9444.5 260.101
13275.2 182.847
18218.5 236.881
19046.2 325.022
19857.7 154.956

451.823 176.003
1123.2 190.967
1598.31 113.262
7474.13 148.403
13245.5 168.965
14664.6 344.133
18226.1 264.108
19113.7 322.072
19838.8 195.245

447.01 167.521
1113.94 185.147
1606.11 131.523
4073.57 327.435
7482.44 156.997
9779.63 319.882
12467.5 303.023
13233.4 250.549
18210 339.401
19173.5 252.638
19795.9 251.15

438.27 155
1114.89 142.11
1643.21 210.453
7491.17 238.312
9266.17 277.93
9804.54 217.667
12512.7 321.805
19182.7 218.163
19738.5 271.573

432.276 142.822
1123.28 91.469
1721.32 252.319
9238.66 227.586
9831.53 157.608
19157.4 212.926
19688.5 230.943

423.954 131.078
1127.82 72.7505
1735.49 175.123
9219.72 201.546
9825.43 126.61
19122.3 234.713
19656.3 226.483

412.708 121.569
1130.51 73.2708
1733.12 133.233
9255.17 217.515
9799.72 127.98
19074.4 188.579
19602.5 209.461

400.931 112.674
1126.5 83.5752
1729.56 132.874
4713.06 286.98
9325.39 243.828
9792.54 157.664
10762.1 328.096
19041.2 184.693
19609.9 254.04

395.972 127.489
1121 91.6219
1745.13 167.125
4726.71 157.306
9376.35 231.053
9826.52 203.177
10792.2 249.478
16416.3 283.196
18991.6 189.968
19657 204.484

394.35 147.103
1120.22 96.4717
1759.79 176.971
4724.72 130.253
9323.05 210.973
9840.24 244.525
10799.6 226.09
18949.1 245.108
19680.3 193.454

393.642 179.73
1130.77 134.429
1754.27 178.024
4707.31 230.234
9256.1 206.746
10781.9 220.009
18951.8 205.456
19652.6 173.472

391.41 196.241
1156.31 206.06
1732.08 187.303
9199.81 203.653
10761.4 215.988
19005.4 197.097
19656.7 189.89

388.105 196.804
1208.21 282.263
1735.37 242.346
9175.43 188.593
10784.6 202.442
19069.4 181.557
19703.2 184.669

382.125 174.129
1270.47 288.59
1790.76 291.985
9189.17 222.987
10817.4 186.419
12589 333.521
19086 155.117
19737.3 161.447

373.117 146.138
1284.4 276.172
1814.86 232.791
4382.91 311.916
9211.39 262.176
9737.59 306.853
10818.3 204.129
11865.7 349.395
12577.6 344.482
19059.2 154.061
19747.6 134.222

366.899 149.468
1250.74 268.074
1806.71 164.007
4416.22 336.287
9196.25 268.013
9716.02 229.121
10796.6 207.875
11844.7 316.831
19017.9 175.186
19749 111.299

360.244 165.123
1220.57 270.939
1807.35 126.687
9154.9 248.457
9711.76 184.342
10816.6 139.014
11809 307.988
12568.1 346.909
18960.5 195.822
19732.1 103.411

351.746 155.395
1236.11 331.083
1799.44 89.6383
4641.29 246.423
5834.87 344.648
9113.24 248.018
9696.34 200.472
10840.5 91.8836
11812.8 304.01
12622.2 329.498
18885 223.835
19706.4 159.783

343.446 113.777
1784.12 83.0086
4677.77 193.188
9099.1 239.811
9656.93 269.443
10839.3 90.1292
11852.9 296.108
15932.6 338.926
18862 297.471

335.618 102.228
1446.77 303.713
1783.99 112.749
4660.64 242.344
9083.6 187.525
9627.54 322.506
10807.6 120.952
11870.2 298.575
15913.8 345.726

332.681 143.014
1419.64 229.562
1789.78 171.93
4581.04 267.881
9071.14 146.939
9610.2 345.054
10729.5 146.305
11845.4 313.013
18930.1 323.869

330.386 163.235
1391.06 181.386
1805.45 252.043
4564.33 196.968
9066.41 153.949
10676.8 139.949

329.399 170.397
1390.84 179.38
1838.91 239.992
4564.08 204.374
9087.47 204.225
10686.7 147.098

328.311 161.325
1423.44 212.634
1857.68 197.858
4558.44 325.81
9122.36 288.117
10731.9 182.598

324.74 132.045
1471.75 235.733
1869.46 197.381
9132.96 328.268
10836.7 226.997

318.997 107.27
1514.26 252.585
1853.94 236.47
9120.99 343.826
9744.49 236.438
10918.8 211.87
12732.1 289.751

316.792 127.733
1768.42 204.067
7525.39 273.515
9749.34 186.626
10898.4 212.654
11971.8 307.374
12731.4 295.172

319.064 194.321
1747 133.097
7478.17 222.857
9730.61 234.716
10859.6 218.276
11942.2 307.898
17136.5 309.2
18201.9 325.314
19707.6 212.493

320.527 240.879
1752.65 131.568
4345.24 345.578
7453.03 232.115
10850.3 260.953
11902.8 332.174
17185 257.835
18232.8 252.443
19740.7 176.028

316.565 237.598
1765.32 170.905
4343.04 232.843
10866.6 331.654
11844 283.429
17200.9 291.04
18305.6 260.942
19757.7 212.039

308.857 197.239
1507.31 325.021
1795.35 251.099
4302.6 217.361
11819 221.725
12742.3 259.226
17237.9 345.411
18388.2 229.51
19806.5 213.125

304.937 166.086
1556.6 284.813
1828.24 304.424
4250.57 283.859
11801.9 188.687
12741.8 208.696
18400.7 307.322
19856 223.52

306.201 160.52
1595.86 290.985
1828.87 343.259
7376.71 291.856
11788.5 202.303
12766.5 231.207
19859.5 326.25

308.004 184.22
1641.57 346.495
4120.1 327.925
7402.2 287.562
8365.78 307.312
11770.9 319.327
12836.9 317.313
18862.5 297.597
19842.4 337.224

306.739 215.807
1734.83 303.737
4104.05 298.149
8374.22 276.566
12925.8 313.167
18878.1 262.481

301.725 219.878
1784.15 287.68
4048.46 281.263
8364.16 286.145
12938 253.592
18868.3 320.926

295.643 241.657
1833.69 225.315
3974.7 255.216
5052.8 260.058
12948 274.649

291.948 316.33
1414.35 348.817
1852.34 180.762
4005.27 229.194
5063.52 255.048
12978.7 329.773
18138.3 297.494
19778.3 268.741

1853.65 169.455
4063.67 217.73
12974.3 336.675
16186.3 292.323
18212.5 304.001
19733.1 261.16

1848.37 171.233
4074.87 236.741
10795 332.172
12957 263.738
16108.1 305.932
19580.7 325.203

1866.33 178.038
9483.26 288.612
10787.9 257.477
12958.4 256.696
14041.9 269.66
16036.3 346.33
18570.9 259.722
19537.1 240.405

1191.38 280.815
1908.36 165.492
9512.13 332.575
10805 247.683
11810.4 337.447
12952.1 285.437
14036.1 252.099
15965.5 335.775
18606.9 305.216

1184.37 245.337
1930.8 126.677
7080.63 341.604
11809.4 322.158
14033 252.556

1192.98 243.346
1922.25 126.662
4225.77 312.191
11783.1 263.756
14012.7 272.502

1194.44 252.083
1901.6 172.58
4259.8 341.61
10506.4 264.904
11797.9 176.572
13955.5 347.629

1190.24 265.193
1882.48 266.648
8466.76 309.58
10546.8 214.628
11823.7 168.094
15838.2 321.102

1187.06 253.717
8451.07 254.212
9623.85 305.32
10552.4 167.806
11839.8 270.434

1176.81 266.56
8417.54 257.351
9620 333.28
10531.4 141.423
17322.6 334.275

8366.81 237.489
10519.2 139.293
17388.4 277.438

8340.79 225.353
10516.6 156.741
17472.8 320.699

2063.9 309.067
7113.1 296.763
8309.01 313.065
10519 206.307
17555.2 339.066

274.194 290.127
2097.82 173.735
7077.62 267.871
10492 216.19

265.603 284.524
2124.49 130.916
7035.72 291.999
10458.8 171.668

258.783 330.746
2156.56 147.725
7032.93 325.987
10428.7 169.534
11649 319.338

2221.03 211.604
10350.6 262.974
12666.5 330.648
13894.7 341.284

2361.74 288.608
9145.28 256.057
10227.6 336.914
12698.2 210.843
13975.6 344.476

2465.12 307.572
3338.9 322.838
9166.47 219.36
12705.7 176.632

3379.35 304.713
9184.09 234.059
12704.6 168.548

2.13403e-12 252.944
3384.75 290.226
9206.08 296.524
12695.2 178.601
14230.1 330.314

3.26866e-12 258.297
3378.49 196.656
7467.58 349.328
12660.2 218.312
14268.9 213.9

147.304 80.0564
3369.27 161.969
5354.07 341.405
7454.63 263.03
12591.5 302.284
14290.5 217.814

147.527 38.6714
3482.65 321.722
9574.01 201.995

160.621 55.1745
6374.19 341.753

185.391 70.9884

226.924 144.329

9408.66 338.333
10450.4 244.428
11458.7 191.874
12760.1 306.714

5982.55 307.553
11448.6 349.943

5993.47 259.48
7195.82 202.158
9507.82 342.868

5984.88 261.07
7186.19 159.864

6005.4 262.412
7158.41 238.001

6069.41 328.464

11550.4 251.632

1553.18 334.686
7953.35 240.981
9768.51 326.128
11584.6 175.897

1566.99 340.183
7153.33 251.818
7949.53 201.233
9766.42 332.041
11615.8 157.965

7113.67 222.325
7968.44 236.341
11637.8 189.127
19702.4 279.863

7092.24 212.124
8044.7 324.606
11642.3 280.844
19763.1 125.751

407.383 135.277
2518.28 321.312
7131.35 173.016
8145.07 303.616
11574.7 339.471
13396.6 314.332
19168.7 324.879
19803.7 128.55

397.548 77.1943
2496.83 115.431
3519.68 246.762
7153.78 126.42
8158.51 330.799
19181 307.774
19812.5 185.209

400.563 74.1083
2518.82 78.5707
3536.24 256.099
6157.51 327.298
7158.79 134.443
19191.8 320.104
19785.6 290.292

407.748 75.5986
2528.91 70.4114
3542.17 301.593
7169.17 264.056
19191 306.634
19773.1 327.991

418.186 78.6272
2531.48 78.4308
3555.69 213.928
19163.6 278.879
19802.5 259.966

423.195 70.5952
2514.28 98.2624
3579.48 148.737
19163.4 290.667
19842 190.957

423.519 51.7792
2483.34 101.909
3600.04 138.265
5625.96 340.463
19188.8 297.946
19857.2 156.233

425.577 36.5932
2482.13 82.09
3627.83 137.64
4841.18 242.721
5695.5 271.846
19181 301.488
19848.9 151.265

427.791 25.8637
2501.49 58.3901
3667.59 141.937
4871.11 180.727
5748.11 338.178
10059.7 261.871
11167.1 296.121
12307.4 258.124
19848.4 320.531

430.47 18.6096
2524.97 43.5179
3717.97 142.261
4904.55 181.863
10135.8 209.221
11200.3 152.271

435.186 14.3072
2549.05 40.2628
3766.34 152.098
4946.48 212.734
10167.3 179.129
11209 126.752
12581.3 305.961

441.119 11.0197
2570.02 49.9781
3831.54 197.728
4962.06 253.828
10173.4 205.791
11204.9 214.089
12569.9 302.707

447.125 9.723
2584.61 82.1481
3911.56 242.744
4938.74 241.182
10177 256.033
12555.7 266.446

452.383 10.5967
2579.57 170.735
3954.14 243.97
4916.94 189.016
10191 242.881

456.568 13.5461
3965.76 247.471
4919.95 157.091
5976.3 271.925
10214.4 191.513

460.08 20.1011
3999.43 269.936
4930.61 118.701
5971.41 247.955
8230.46 324.854
9041.7 137.233
10243.8 135.403
11262.9 299.614
15431.7 248.792
16129.9 267.891
19336.7 290.745
19907.3 127.138

463.079 28.9694
2387.77 333.667
4017.69 291.61
4938.8 101.365
6020.95 280.97
8234.16 206.837
9041.85 67.9134
10281.5 134.756
11279.6 182.034
15432.9 257.256
16168 278.757
19325.4 262.29
19881 141.11

467.024 39.4445
2366.9 275.966
4011.59 317.407
4947.83 94.7544
6166.46 329.121
8262.94 218.079
9062.93 58.1911
10310.1 188.851
11309.1 146.452
16266.6 348.443
17804.4 189.632

474.647 53.8465
2353.81 223.753
4965.76 88.7452
6324.83 217.493
8304.8 304.925
9106.65 71.1328
10324.4 290.419
11337.8 184.438
16330 327.299
17868.6 157.131

483.165 68.2135
2337.99 184.897
4992.14 96.8362
6386.42 124.931
9171.71 91.7523
10348.7 329.611
11372.3 246.958
13271.7 306.78
17913.4 166.491

493.008 85.2597
2330.13 145.859
5015.99 104.298
6412.77 71.2198
9210.96 100.129
10334.1 259.936
13255.2 323.892
17935.9 236.819

504.624 104.666
2325.2 111.397
5027.79 122.245
6428.22 42.364
9219.72 113.044
10305.4 227.985
17949.9 342.992

516.854 122.741
2320.14 85.8673
3681.72 310.285
5020.69 175.928
6446.17 30.0882
9222.53 149.175
10283.5 265.462
11858.1 315.778

531.095 139.597
2316.34 64.973
3683.69 242.514
4977.99 226.365
5371.21 343.007
6468.08 24.8682
9231.86 201.263
10255.5 288.459
10744.1 329.324
11931.5 255.005
15732.6 319.282
16800.3 319.237

547.022 154.179
2313.26 49.4481
3681.93 201.722
4931.73 231.952
5394.08 236.62
6483.88 21.277
9224.12 287.041
10254 327.184
10731.5 252.851
11980.8 210.513
15677.4 345.033
16739 316.472

553.537 166.398
2308.82 43.8087
3690.4 174.912
4881.54 271.348
5413.82 217.355
6489.14 20.0888
10701.7 321.951
12022.3 190.783
13685.6 271.434
16695.6 268.855
19789.4 287.97

558.824 179.787
2302.67 42.4938
3697.49 160.194
4817.69 314.792
5424.89 224.646
6488.32 20.2415
8912.68 325.928
10635.2 216.226
12053.5 138.125
13692.3 188.077
15616.6 287.321
16684.3 274.139
19841.7 215.17

567.764 197.685
2295.92 44.9323
3702.27 152.554
4753.97 343.142
5423.2 250.438
6485.14 22.4418
8872.62 286.545
10632.2 168.252
12073.6 160.407
13680.8 237.325
15624 244.314
16738.5 316.107
19869 153.937

590.175 222.128
2290 49.0223
3700.34 155.747
5422.71 275.956
6479.99 25.4864
8842.1 338.602
10628.9 202.415
15641.3 238.238
16810.8 284.411
18806.5 263.973
19869.8 122.544

626.003 239.829
2284.64 54.4927
3693.32 172.522
5426.94 266.075
6472.26 30.0514
10673.8 311.696
15641.1 237.089
17899.9 335.393
18772.9 214.714
19879.1 100.131

659.438 246.508
2278.75 64.4784
3686.88 195.482
5419.85 243.916
6463.62 38.2868
10817.8 333.757
12764.8 321
15652.3 311.014
17926.2 318.111
18779.3 204.273
19872.8 79.1099

685.446 249.89
2270.64 79.3092
3681.56 227.031
4701.63 338.523
5400.83 229.337
6456.38 51.6009
12776.1 248.699
15678.5 294.765
17938.4 339.667
18793.5 274.266
19835.7 79.0545

704.809 255.529
2259.52 97.8764
3677.25 265.929
4677.91 321.949
5369.46 242.701
6453.23 77.977
12781.8 233.303
15663 222.441
19790.9 76.4302

723.172 256.421
2246.91 115.406
3670.53 303.028
5319.96 298.292
6458.74 130.105
12784 194.141
15664.3 158.532
18045.6 268.745
19761.1 84.15

744.348 238.428
2232.96 127.159
3655.69 342.882
6466.65 198.008
10576.8 344.691
12769.6 137.528
14561.7 216.6
15698.6 156.763
18056.7 138.626
19758.2 104.168

763.202 215.49
2215.88 142.204
6449.83 251.247
11235.7 300.405
12776.6 130.552
14512.1 137.638
15740.6 148.991
18058.5 78.737
19772.6 106.74

776.694 219.573
2193.84 186.527
6398.21 316.262
11255.3 221.127
12831 177.661
14485.7 102.978
15761.3 138.51
18067.1 80.4053
19789.7 99.6202

788.215 233.802
2157.87 264.746
5087.06 316.441
10651.2 327.515
11261.1 164.303
12861 195.428
14483.2 101.46
15767.9 177.414
17096.6 289.169
18097.7 143.717
19799.8 98.3564

798.313 247.622
5070.38 262.308
6297.92 335.843
9495.32 306.055
10668.4 317.708
11271 155.372
12777.9 143.254
14495.5 154.211
15764.1 319.491
17123.7 281.802
18165.8 286.272
19814.6 122.915

806.512 282.433
3693.04 338.43
5063.77 213.356
6324 259.733
9458.79 267.661
11297.7 168.38
12723.2 81.049
14494.6 309.452
19837.3 171.688

815.607 346.816
1868.28 273.319
3691.64 300.431
5059.16 162.969
6346.19 188.775
9416.86 267.701
11340.1 199.024
12709.5 62.3388
19836.8 176.321

1843.8 182.516
3687.29 250.581
4625.71 348.322
5058.46 120.299
6357.36 152.92
9419.1 274.502
11413.7 274.847
12708.1 75.3554
19789.7 182.336

1836.12 127.231
3688.08 219.278
4633.65 311.395
5069.88 102.618
6366.98 143.327
9461.31 287.694
10926.4 308.734
11459.2 314.586
12703.9 133.683
17111.1 349.548
17862 269.675
19706.5 165.249

1836.23 90.8511
3693.89 222.688
4655.64 340.962
5090.2 110.715
6386.15 153.233
9518.42 316.607
10916.6 239.146
12667.1 317.594
17912.4 267.396
19672.5 136.728

1839.49 64.9761
3702.98 256.096
5108.11 133.95
6419.33 183.283
10922 242.811
18053.4 313.878
19688.8 126.392

1842.49 46.7697
3720.76 300.226
5116.63 145.331
6462.12 259.438
10935.8 326.699
14459.5 290.943
18134.3 295.076
18767.8 247.893
19715.3 165.296

605.087 332.512
1846.98 35.296
5124.96 157.515
6515.07 344.445
14446.5 257.838
18149.7 289.621
18730.4 178.015
19723.7 167.442

582.034 280.1
1851.41 28.6515
5142.6 156.329
11262.7 204.28
14472.2 261.757
15844.4 286.107
18710.8 189.005
19732.3 175.561

552.725 219.849
1857.03 27.3097
5166.63 129.148
11267.8 161.628
14526.8 263.668
15855.7 249.716
18719.1 225.159
19735.9 172.719

529.919 164.705
1865.67 32.75
5188.68 102.164
10287.5 302.409
11277.6 189.828
14546.3 288.124
18801.6 299.219
19740.6 179.515

516.011 121.69
1879.23 45.935
5219.75 93.7247
9221.51 135.331
10241.7 300.4
11299.8 218.563
18993.2 343.743
19792 180.24

505.797 86.2813
1280.99 317.156
1898.06 70.5439
4337.48 235.082
5255.12 81.8322
9190.96 90.0006
11351.1 245.248
11917.6 264.274
18331.7 193.478
19042.3 317.232
19829.2 171.606

498.199 59.6874
1290.03 283.193
1919.62 114.723
4352.85 139.018
5275.62 68.25
9172.24 82.8039
11405.9 247.062
11915.4 165.806
16463.3 336.528
18364.2 143.981
18982 266.323
19822.1 182.972

494.644 46.3244
1312.65 265.358
1942.5 157.871
4340.72 111.339
5264.11 65.8325
9168.12 107.272
11409.2 239.394
11905.2 136.665
13311.2 348.436
16416.6 180.661
18383.7 195.967
18937.5 235.844
19752.7 253.204

492.104 41.2557
1343 240.174
1956.7 162.548
4311.39 121.275
5219.72 99.3992
9199.11 188.289
11370.7 235.567
11875.2 122.59
16403.1 167.003
18848.4 286.894

487.18 39.7397
1359.36 212.853
1948.87 152.975
4293.95 131.758
5150.18 158.318
9296.39 146.864
11332 171.295
11836.8 98.1193
14335.3 304.382
16342.7 261.339
18806.4 274.091

478.412 38.2285
1348.3 199.044
1915.9 155.817
4287.96 216.799
5094.25 138.159
9297.33 84.862
11339.6 161.119
11820.8 85.0197
16209.8 286.598
18794.7 202.153

472.284 39.7264
1330.82 179.076
1880.39 150.273
5057.62 154.379
9289.23 85.6221
11358.2 208.304
11818 132.327
16199.2 286.53
17782.1 269.492
18841.1 201.809

471.49 41.7447
1312.32 160.452
1851.54 138.385
5025.23 190.744
9307.58 150.318
11374 221.052
11821 232.337
17782.4 214.828
18897.4 249.737

475.634 45.3258
1311.64 146.353
1844.14 137.816
5020.7 163.763
9442.27 325.59
11352.3 176.753
11796.5 208.821
17790 220.195
18950.6 312.377

482.466 49.0502
1328.61 133.71
1852.09 166.161
5048.68 133.575
9699.02 293.85
11331 138.863
11790.6 146.418
17787.4 255.352

491.805 53.7519
1356.6 125.145
1865.85 257.847
5089.75 118.697
9788.83 205.638
11327.1 125.314
11802.2 137.802
12926.9 204.387
17750 266.952
19140 242.503

503.246 60.3851
1391.46 133.038
5136.68 111.862
9816.69 148.522
11345.5 110.697
11835.7 141.993
12906.5 156.264
13956.2 298.889
16596.9 321.876
17672.1 323.412

520.531 78.365
1441.08 127.234
5187.76 149.901
9850.62 137.664
11337.5 107.575
11841.5 163.3
12898.6 260.878
13991 290.219
17687.6 243.67
18129.4 329.21
19099.3 334.604
19562.3 249.705

532.039 88.9212
1503.19 116.455
4598.57 302.216
5255.35 219.193
7287.31 332.212
9878.48 110.779
11331.9 114.966
11856.6 183.954
13991.8 306.346
17697.3 237.282
19533 174.82

537.811 89.5115
1544.86 67.4588
4663.78 228.177
5291.64 308.42
7344.09 266.769
9920.86 77.7636
11348.1 143.683
11892.1 189.432
17692.9 210.19
19561.3 207.236

541.848 88.5112
1564.8 38.8101
4145.22 331.137
4703.35 182.243
5296.47 331.23
7374.24 243.765
9953.99 42.8585
11385.4 216.956
11907.1 209.406
17704 255.781
19635.1 310.057

545.891 94.6231
1140.64 285.264
1576.31 25.6905
4144.34 325.857
4720.04 144.569
5338.26 339.834
7381.6 276.956
9962.54 25.7841
11426.6 323.577
11894.3 253.917

551.018 114.497
1123.25 234.886
1582.8 19.771
4149.72 326.919
4721.66 121.621
9958.41 22.7996
11903.9 343.78
14152.9 337.466

558.299 152.378
1109.74 205.066
1586.31 17.0457
4161.59 308.363
4723.35 112.819
5470.53 347.54
9951.94 30.2905
11573.3 233.019
14136.5 302.549

567.248 205.202
1098.39 182.645
1588.76 15.3517
4177.04 253.201
4730.66 105.987
5525.37 314.915
9952.78 51.0821
11590.9 181.669

575.212 262.783
1088.61 161.316
1591.05 14.0829
4189.06 194.314
4741.19 97.1497
5586.76 260.125
9956.32 72.0156
11609.8 161.458

580.12 310.921
1081.66 140.363
1593.61 13.1381
4197.73 151.832
4754.32 91.3779
5632.17 210.535
9942.83 83.8666
11657.9 176.195

581.382 328.383
1078.76 117.273
1596.97 12.2675
4202.43 122.406
4769.25 95.4179
5650.57 202.152
6904.27 260.846
9926.58 115.601
11720.3 194.642

1078.93 111.08
1601.87 12.9735
4214.48 101.619
4789.69 104.107
5644.23 202.836
6873.75 206.692
9968.84 217.011
11744.3 189.08
19704.3 314.2

1081.46 111.026
1608.18 14.821
4228.76 88.3185
4807.87 132.194
5620.73 237.895
6855.96 218.292
10049.7 242.416
11764.4 254.988
12776.2 288.947
19755.3 274.978

1086.27 117.273
1616.45 18.1733
4250.63 88.2463
4825.87 227.588
5584.09 328.278
6831.52 308.596
10104.4 271.527
12808.3 334.377
18557 347.956
19375.1 264.662
19802.4 214.96

1094.56 126.543
1628.14 22.6463
4288.93 97.8321
10245.5 284.481
17663.2 341.543
19314.9 221.655
19803.8 151.63

1108.02 136.709
1645.98 26.7687
4333.95 94.1684
10339.4 210.201
19256.8 260.416
19805 139.063

1130.54 167.89
1674.81 31.3039
4361.1 101.981
10409.7 195.408
19830.2 164.453

629.635 283.315
1169.4 210.145
1714.33 32.6079
4372.79 177.662
10009.4 295.313
10471.6 173.365
11875.6 328.662
17256.5 323.158
19909.9 187.954

625.398 183.376
1224.87 241.392
1754.82 29.0775
4219.35 342.697
5260.31 319.885
10061.3 144.453
10498.3 132.524
11843.2 218.68
14388.3 255.885
17218.7 286.961
19924.8 125.759

619.587 108.315
1284.42 263.221
1788.91 24.6174
4153.12 147.607
10085.3 132.814
10483.6 146.397
11814.2 192.047
13533.8 346.121
14434.2 194.201
17193.3 319.512
19337.9 305.216
19916.7 97.2699

617.98 68.989
1323.47 288.339
1815.46 22.701
4142.84 83.2598
10108 206.436
10436 197.761
11795.7 192.867
13554.6 312.245
14458.7 161.114
19884.3 105.303

618.365 49.1713
1318.34 292.307
1834.72 22.7134
4137.02 63.1681
4851.5 271.671
5568.91 216.617
10130.3 266.275
10431.8 223.515
11783.5 199.061
14474.1 166.001
17898.2 275.997
19845.3 126.103

617.689 36.4155
1284.62 238.259
1846.54 23.4084
2669.3 343.791
4134.21 72.4077
4880.27 197.89
5602.39 133.079
10094.6 222.886
10489.1 174.342
11769.8 209.828
14481.8 212.309
17922 293.147
19809.1 235.206

618.277 34.4091
1265.96 195.426
1854.72 32.4703
2625.45 309.914
4188.88 188.347
4952.08 251.459
5662.51 135.842
10038.8 320.662
10500.5 177.445
11780.2 234.156
14474.9 245.357
19685.2 207.147

617.51 31.3326
1251.22 128.725
1863.09 46.1989
2673.17 316.734
4349.89 274.521
5742.12 258.354
10478.8 227.007
19661.6 252.482

614.218 31.8416
1238.68 89.1925
1882.18 84.7682
4403.04 232.795
19691.6 344.914

605.785 36.601
1225 65.8749
1959.77 213.613
4461.63 257.636

588.968 44.2901
1205.74 48.1445
2147.11 337.064
4508.7 295.548
7539.48 278.878
9929.58 316.054

562.551 62.4419
1186.06 53.3361
2188.79 315.91
7579.29 243.341
9951.69 285.628
17411.7 303.942

534.92 98.3337
1179.63 103.409
2096.63 335.743
7594.11 216.311
9958.06 257.17
19844.6 307.507

524.356 165.422
7615.44 244.763
10006.7 248.855
11678.5 324.096
17595.5 317.544
18593.3 204.576
19259.5 184.115
19906.6 95.4056

532.932 203.436
10113.9 311.627
17632.9 242.403
18620.8 198.416
19265.7 135.416
19936.9 48.4846

581.785 200.406
10245.5 332.302
15356 244.441
17679.1 207.548
18612.7 259.053
19255.9 110.551
19951.7 29.2047

609.556 143.379
1579.55 263.77
10317.9 268.379
15355.3 175.87
17701.5 218.656
18568.6 306.026
19246.3 90.4309
19959.3 18.0285

621.048 115.436
1582.78 235.622
10324 298.305
15343 210.503
19259.8 112.521
19961.4 19.5042

631.513 117.928
1655.3 271.31
19305 157.912
19956.1 31.4229

683.73 231.878
1778.85 325.721
19351.6 245.823
19938 84.5218

1836.83 317.676
19867.1 227.052

19803.6 240.066

19770.1 207.87

19748.4 178.492

19795.1 211.103

651.37 280.666
1520.6 324.981
19427 334.446
19868.7 146.502

622.872 268.451
17831.6 319.179
19881.9 145.239

619.385 308.184
2444.32 342.042
17852.2 338.477
19854.8 194.409

613.928 299.804
5108.05 289.89
6459.32 296.27
9087.29 288.661
17888.9 332.589
19785 239.744

599.388 139.529
5087.78 233.562
6465.55 245.043
9053.02 213.888
17921.8 344.981
19728.2 227.694

567.253 52.135
2069.73 286.925
5093.44 309.724
6475.76 284.576
9014.1 200.664
19741.8 207.857

577.208 42.5929
1477.03 342.733
2089.32 281.784
4142.29 347.085
8954.01 225.962
15015 345.752
19774.2 207.05

592.898 34.3762
1997.64 313.408
4235.47 268.314
7710.62 298.025
8898.26 200.267
17024.4 316.205
19735.8 210.655

607.17 22.7755
1281.84 349.815
1919.83 142.153
4275.63 308.319
7712.51 175.282
8839.64 333.92
17021.6 287.606
19683.8 233.466

620.496 18.0427
1292.33 336.566
1907.07 87.6258
2595.99 258.425
4284 204.88
7755.2 183.856
11039.8 324.017
11903.3 345.917
19603 316.322

626.989 16.51
1886.86 68.7719
2572.79 176.472
4257.28 104.916
6686.07 327.65
7813.42 157.482
11079.7 270.057
11831.5 316.786
12413.1 300.564
19451.6 314.198

624.763 19.7364
1858.5 61.9487
2538.02 137.843
4225.04 52.2781
5929.77 257.45
6690.77 309.644
7808.71 115.954
11080.9 331.911
12402.5 302.669
16730.5 318.362
18412.2 337.885
19399.3 332.84

619.98 37.3348
1835.47 87.7509
2531.55 181.943
4195.53 52.7052
4822.54 290.929
5850.25 270.296
7756.06 119.714
15286.7 260.661
17638.1 329.961
18365.4 278.469
19836.5 204.859

622.606 81.7884
1826.53 150.481
2536.53 293.726
4160.52 112.058
7704.97 162.899
15243.3 210.092
17589.9 310.577
18314.7 312.14
19879.3 147.404

633.86 159.003
1835.63 228.03
4094.26 236.039
6366.17 303.755
7667.81 220.328
10541.3 233.47
13103.4 347.953
15217.6 159.421
17559.5 200.633
18272.8 288.385
19899.7 117.668

643.136 251.622
1255.39 323.731
1855.25 292.912
4665.88 248.241
5334.7 212.447
6367.81 185.687
7632.76 342.194
10536.5 150.64
13074.3 348.495
14104.4 334.301
15203.2 143.688
17551.7 140.18
18239.9 241.977
19916 95.3293

645.249 336.007
1215.68 218.251
1877.23 346.602
4644.15 124.53
5277.55 114.719
6366.36 140.551
10524.3 97.097
15196.6 176.355
17535.4 141.619
18215.4 229.973
19919.3 74.7517

1196.95 167.89
4625.22 79.9537
5239.86 83.7981
6347.01 152.321
8047.43 311.498
10512.8 102.346
15193.4 297.4
17498 233.654
18198.6 270.924
19910.3 59.9145

1185.9 129.317
4584.55 88.7619
5198.96 103.418
6286.77 241.963
8015.87 267.766
10541.8 254.223
18140.3 327.295
18966.3 286.36
19900.4 69.2061

1173.04 106.437
2082.21 284.721
4509.44 158.397
5139 198.583
10689.8 329.089
18095.1 276.507
18940 170.572
19903 84.9845

1153.27 91.923
2142.67 218.132
4395.76 223.248
5025.54 319.962
10740.3 230.822
14996.5 338.573
18072.9 243.8
18940.1 156.16
19914.9 90.7242

1126.49 90.6156
2156.8 195.5
4301.58 225.572
4929.88 338.187
6414.36 326.319
10765.9 229.39
18100.6 329.579
18930.5 213.442
19900.4 82.8807

1099.31 96.95
2138.98 244.554
4258.51 280.984
6355.67 293.832
10797 282.557
18895.4 235.96
19873.7 83.2876

1069.44 119.809
6281.45 268.608
18880.5 207.801
19858.8 95.6925

1036.17 141.494
5094.38 327.758
6242.13 235.55
10909.2 302.028
18889.7 178.97
19850.2 106.119

1019.86 149.26
5093.06 320.448
6241.23 253.514
10911.5 168.325
18904.7 204.373
19832.7 167.211

1021.02 147.021
5096.64 348.804
10918.5 117.134
18929.3 242.438
19774.9 277.558

1030.09 149.045
5141.19 344.292
10927 126.261
18192.9 314.099
18944.5 287.987

1050.67 143.247
2130.69 288.332
5197.45 335.195
6936.57 335.095
10927.9 248.074
16314.1 349.74
18217.9 304.267
18935.2 339.171

1089.53 131.999
2169.86 213.59
4319.61 335.453
5234.7 345.155
6963.62 218.577
11019.7 337.861

1134.49 106.052
2217.86 191.907
4345.25 307.414
6986.53 221.851
11025.2 277.098

1170.18 81.3953
2270.83 192.834
4325.57 319.751
7010.22 279.788
11009.5 289.844
12112.4 324.885
17437.2 342.533
19678.5 216.905

672.993 332.781
1199.14 80.5698
2313.4 204.275
4231.04 275.842
7071.51 335.598
12055 266.45
13635.2 285.066
14998.5 282.428
19684.8 140.514

682.659 344.881
1231.02 117.805
2319.07 216.912
4181.6 145.232
7177.42 305.436
10695.6 286.167
11997.4 331.2
14979.5 202.328
19720.3 138.474

697.596 348.025
1266.88 183.811
2297.3 269.116
4173.87 109.141
7215.88 272.44
8441.97 328.31
10718.7 134.418
14972.7 193.261
18064.8 317.477
19783.4 112.836

692.719 305.541
1311.16 263.067
4172.99 89.5191
7214.55 312.989
10702.6 77.0718
11837.4 284.353
14981.8 195.685
19813.4 75.4079

669.312 228.748
1370.36 343.497
4163.12 78.6242
5425.57 336.857
7191.02 315.782
10676.8 56.4908
11826.3 230.46
12466.2 273.151
15017.7 222.372
17832.4 296.111
19821.1 53.6553

640.446 150.171
4152.16 97.182
5405.45 267.518
7182.61 316.423
10659.2 53.8678
11827.6 211.796
12481.4 223.418
15101.6 300.915
17823.3 212.503
19023.5 292.389
19812.4 62.8688

622.482 98.998
4143.23 155.482
5391.02 245.414
9487.89 291.273
10647.6 69.8952
11841 237.915
12490.2 292.163
17865.7 256.568
18943.2 299.711
19793.4 112.319

613.232 68.662
4127.75 231.235
5398.48 276.196
9437.32 275.055
10613 109.106
17886.3 319.448
19754.1 176.38

605.167 44.6991
3008.88 319.751
4106.82 238.263
5417.17 336.102
9385.41 309.406
10562.3 134.977
19712.5 158.658

596.957 26.5351
1726.12 244.155
3000.89 266.202
4097.64 189.876
10537.1 155.002
12234.4 273.574
19719.9 141.737

591.162 17.7052
1730.81 207.893
2989.43 217.312
4094.44 153.338
7540.92 307.035
10527.5 169.928
12212.1 272.117
13539.9 348.953
17504.8 343.229
19771.3 112.59

588.637 16.3387
1723.84 199.327
2991.67 206.435
4086.7 134.616
7574.91 240.156
10526.4 197.709
12154 309.529
13527.3 284.615
14848.9 332.858
16394.7 319.179
17549.5 314.311
19144.7 331.429
19798.5 52.6813

586.33 15.5695
1707.88 234.084
2993.12 203.893
4079.35 155.227
7555.8 259.17
10512.1 161.621
11597.1 341.257
12073.9 257.466
13525.5 317.968
19790.5 89.5879

584.052 15.2862
1687.42 245.315
3022.83 264.313
4059.86 177.742
9142.65 311.369
10518.4 148.968
11594.7 344.911
12039.9 280.117
13599.2 295.887
19774.1 153.094

580.685 15.3905
1654.86 254.517
3158.43 348.343
4025.83 169.724
9183.63 198.003
10529 178.237
11988.6 348.965
13633.6 256.226
19766.2 325.115

574.594 14.5715
3298.27 206.825
3996.68 108.458
9198.15 136.724
10549.2 241.834
11948.2 330.349
13672.4 320.842
15098.7 349.284
16632.5 236.716

566.695 11.814
3349.51 102.318
3980.67 58.0245
9201.15 128.861
15105 341.224
16642.2 193.912

559.573 9.46842
3336.15 65.8815
3961 45.263
9205.67 195.045
13314.2 342.853
16665.7 242.235
18059.1 339.701

553.425 8.8725
3306.49 53.9352
3935.75 50.6853
9206.27 313.175
13285.6 338.705
16646.7 259.369
19842.4 228.961

546.81 8.31717
3273.04 60.9739
3911.85 87.687
11324.8 332.6
14907.6 333.835
16630.7 235.876
18084.3 327.578
18997.2 290.639
19845.7 222.008

539.358 7.96094
3230.85 82.0461
3924.68 186.544
6784.79 237.256
10528.4 333.595
11334.2 335.429
14909.4 326.949
16612.7 258.206
18022.7 294.97
19004 328.888
19805.6 328.928

530.574 7.77206
3191.42 95.0347
4029.05 244.889
6806.55 161.545
10557.7 279.4
16565.3 298.977
18015.7 267.317

519.838 7.37882
3160.47 84.5637
4089.46 160.241
6800.04 151.278
9058.19 219.746
10560.8 206.798
16433.9 269.537
18047.6 266.838
19699.6 203.614

507.757 6.81339
3128.86 76.9253
4075.99 119.784
6770.79 186.817
9056.65 144.416
10540.7 178.194
16351.3 166.753
18053.5 304.547
19751.4 127.658

496.334 6.77805
3091.13 83.198
4035.67 119.346
6750.11 283.146
9049.6 130.791
10510 198.578
12043.6 256.053
13111.3 255.423
16330.8 130.647
17359.8 325.437
19776.9 103.132

486.871 8.7095
3045.39 109.961
3991.31 145.492
9028.12 146.061
10463.7 305.651
12045.5 169.959
13094 240.704
14125.1 339.864
16320.7 138.527
17393.6 343.284
19783 126.383

478.01 13.0206
3004.39 188.459
3954.85 228.088
6992.12 259.83
8982.33 191.378
12030.4 173.213
13096 338.009
16314.4 177.849
19774.6 179.466

464.328 18.6911
3023.99 277.123
6988.64 178.125
8894.85 274.689
10870.3 321.45
12008.8 204.976
16296.2 276.958
19734.7 296.967

446.981 18.9275
3044.24 245.792
6962.82 208.008
8823.22 281.008
10923 308.887
11999.2 239.807

452.61 14.3866
3087.26 305.511
3986.22 301.075
19011.9 287.151
19834.6 301.31

454.062 13.0871
10788.4 273.03

448.018 12.7087
10821.6 233.995
12813.5 336.617
16385.7 312.793
19704.8 308.438

457.218 14.3409
2747.73 338.688
10843.2 227.844
11768.9 313.911
12819.9 323.3
16402 285.034
19664.5 236.01

485.082 17.2493
2749.22 292.97
10892.7 245.703
11768.3 283.345
16394 256.613
19632.4 185.756

494.1 18.1264
4205.09 338.211
10958 287.72
11748.8 340.919
16353.1 250.954
19607.7 214.119

494.452 17.546
4209.99 163.155
16301.3 220.441
19653.9 263.01

492.721 16.4827
4211.26 119.737
11983.2 271.423
16271.9 196.38
19749.8 214.033

489.615 16.732
4211.2 103.204
11995.7 236.637
16305.5 282.971
19748.5 186.223

484.748 19.378
1024.44 297.74
4198.68 102.371
12003.3 219.623
16313.4 330.109
19721.9 193.121

479.784 27.2362
1020.55 250.863
2066.92 341.196
3144.78 305.643
4169.29 134.839
10546.5 305.915
11348.1 336.761
11993.5 198.181
13614.6 333.269
16336.6 338.347
18669.6 268.73
19690.5 176.178

479.372 43.603
1023.79 251.623
3157.59 242.146
4127.02 261.924
10517.7 266.991
11358.9 308.861
11983.7 192.549
13590.4 241.101
18663.3 270.034
19661.4 174.635

486.049 70.3738
1041.97 294.674
3168.02 230.492
10526.1 282.989
11307.3 316.885
11968.2 215.493
13584.1 222.873
19692.4 183.222

499.076 108.121
3171.66 229.975
11190.3 325.365
11957 286.716
13608.2 242.385
14809.3 315.738
16327.4 314.383
17086.4 330.14
19780.3 172.673

509.217 139.525
3147.75 265.11
11144.7 318.777
13651.7 252.748
14831.9 221.821
18960.6 337.246
19848.7 157.319

516.736 165.777
3114.8 303.299
11242.5 349.558
13686.7 330.317
14903.2 300.907
18972.4 223.344
19879.9 129.209

521.059 186.403
3091.44 342.053
3711.93 332.93
10821.9 304.497
11310.3 222.252
18970.9 228.287
19869.2 114.817

521.14 196.037
3079.17 338.048
3690.22 314.332
7083.63 304.567
10807.8 262.974
11317.8 166.681
12092.4 324.068
19825.3 144.264

521.002 199.947
1064.93 347.98
3078.57 314.612
3679.46 327.826
5300.52 275.372
7068.81 334.874
8326.76 294.656
10826.4 312.025
11323.2 205.63
12106.3 313.628
15302.4 343.011
19778.7 153.444

512.453 183.24
1050.07 292.876
3071.86 278.789
3672.66 345.536
5302.89 268.005
8314.26 253.774
12113.3 334.781
13613 237.009
19775.9 159.952

503.052 158.6
1030.58 230.298
3088.36 223.955
3681.67 310.989
5296.43 316.156
8331.13 269.719
12021.7 334.313
13617.4 219.731
15373.9 342.646
19834.2 163.283

501.613 147.682
1029.3 210.872
3118.47 191.275
3704.92 282.192
5344.26 297.196
8363.3 292.735
11947.2 211.576
13621.6 260.758
15391.6 341.602
19890.7 121.686

508.937 154.755
1056.88 247.247
3165.04 191.322
3791.66 263.609
5373.27 223.624
8368.12 298.259
11308.8 278.022
11932.3 156.134
13632.3 321.87
19076.4 304.824
19910.7 102.205

509.718 143.322
1085.26 263.521
3193.38 169.783
3850.48 206.945
5337.46 235.188
6967.36 279.316
8311.87 274.98
11317.9 250.213
11931.7 163.615
19117.1 238.771
19939.4 80.533

503.941 126.842
1083.87 250.167
3200.36 169.268
3868.35 193.032
5257.79 207.809
6962.59 226.353
8254.51 210.449
11299.8 208.248
11932.2 241.299
19155.2 164.851
19952.2 61.4644

496.551 114.673
1056.06 226.926
3202.48 168.233
3861.07 211.029
5239.18 201.732
6942.51 244.945
8234.01 187.86
11315.4 210.847
19179.1 156.629
19957.1 63.3751

490.645 104.554
1028.33 200.244
3208.9 150.965
3841.36 257.55
5285 294.506
6942.41 285.203
8206.43 215.283
11334 237.146
13906 346.197
19181.3 199.629
19950.3 95.6463

489.813 103.386
1020.27 197.543
3225.3 143.729
3848.32 290.087
6950.85 271.93
8185.67 242.932
11333.1 306.338
13911.5 294.807
19158 300.386
19916.3 186.731

488.859 98.6414
1025.27 209.853
3236.72 157.54
3876.51 288.603
6948.78 210.621
8183.77 278.901
13896.7 329.137
17166.2 327.987
19898.5 226.547

484.362 81.8808
1034.37 222.689
3226.29 183.712
3886.28 315.434
5454.58 347.931
6956.57 163.962
8214.86 330.871
17237.4 311.961
19910.9 191.062

479.369 62.8762
1042.13 229.479
3212.96 167.567
3879.97 328.851
5439.71 338.025
6977.91 184.796
8294.88 331.344
18541.5 319.57
19896.9 139.125

475.161 50.5942
1034.46 224.837
3217.84 150.701
3859.05 272.736
6983.76 219.815
8336.71 336.498
19884.4 109.631

471.278 43.9684
1017.38 226.645
3233.59 185.531
3820.41 210.592
5464.13 322.523
6953.06 184.523
19881.8 102.656

468.466 39.7241
1013.24 260.682
3264.57 317.738
3782.89 210.153
6937.7 164.82
11671.4 298.135
19885.9 109.86

467.661 36.1236
1039.58 337.329
3758 264.256
6937.46 175.502
8555.99 334.432
11704 276.799
12930.7 327.349
14432.7 344.247
16994.6 305.162
19136.7 341.08
19870.7 152.035

466.822 31.2367
2645.82 311.572
5288.78 302.243
6948.49 201.798
8501.4 326.757
11702.1 256.867
12983.2 268.314
14496.1 221.499
17025.8 302.225
19162 249.123
19809.1 201.203

464.025 24.5329
2588.68 300.298
3315.25 322.106
3907.51 279.869
5291.76 255.64
6977.01 261.932
11685.4 191.084
12220.5 287.818
13016.6 252.235
14518.4 159.048
19210.5 266.265
19772.6 209.732

460.81 20.5095
2584.92 347.854
3257.08 306.005
3865.72 199.131
5289.72 332.972
11683.7 135.594
12283 258.667
13040.2 311.988
14520.1 134.96
15564.1 340.139
19287.6 244.171
19787.6 198.261

458.086 20.3709
3205.16 297.932
3833.13 150.25
11690.7 114.835
12367.9 235.862
14511 121.864
15617.8 348.186
19302.2 212.789
19782.5 216.741

455.44 23.253
2572.81 327.349
3203.43 297.842
3847.9 129.882
11708.8 142.728
12422.7 244.788
14486.2 154.171
19271.1 253.9
19770.8 306.403

451.595 26.1124
2572.86 240.155
3258.72 314.441
3891.55 135.128
5486.15 262.641
11745.4 282.258
14397.2 295.709
16367.4 341.643
17338.3 309.265
19244.4 236.588
19869.7 296.829

446.465 27.2171
2581.84 186.325
3344.79 307.58
3957.3 168.852
5498.76 138.257
14331.2 348.415
18468.8 306.3
19271.7 225.22
19897.3 200.16

439.745 28.4917
2602.19 199.465
3387.91 296.125
4033.71 213.811
5505.18 145.666
9069.73 327.183
18454.1 331.601
19303 191.115
19891.4 148.89

429.802 34.5847
2626.31 235.793
4092.43 241.467
5506.74 300.374
19299.4 160.493
19895.2 108.881

415.666 51.8674
2622.59 225.413
4111.32 235.484
19292.1 144.081
19898.5 86.4893

403.223 99.3411
2604.3 205.459
4126.77 221.379
19290.8 125.155
19881.2 66.3698

396.897 198.54
2594.69 206.819
3596.63 322.057
4153.83 229.818
7412.83 344.568
19289.5 127.637
19853.6 54.5906

397.942 311.172
2600.23 235.688
3602.71 317.488
4212.38 295.827
7452.91 340.243
14854.1 347.375
18512 336.276
19289.1 147.915
19836.8 40.2124

408.748 326.272
2622.36 320.573
18509.2 325.533
19311.8 267.793
19842.4 44.4599

402.64 310.097
18540.9 305.579
19311.5 333.906
19842.4 47.5772

7543.1 299.028
13229 328.673
18575.3 346.976
19220.2 327.614
19823.2 51.09

7569.69 261.028
13179.8 312.585
14865.1 346.949
19106.1 283.275
19788.5 58.7874

7585.22 257.07
9435.2 324.069
13119.6 304.925
14861.1 277.175
19037.2 226.63
19746.5 74.4246

5533.02 290.85
7586.97 251.755
9417.82 215.094
10369.6 274.734
11944.8 318.488
13095.6 282.316
14853 305.18
19064.1 269.709
19744 106.4

381.015 343.87
5548.75 257.86
7606.89 259.56
9393.26 233.654
10372.1 306.569
14821.2 349.48
17761.8 299.796
18560.7 299.173
19221.2 253.172
19832.6 122.127

5517.57 314.605
7665.24 304.697
14807.6 342.595
16670.5 348.1
17725.1 254.722
18547.3 223.84
19296.2 156.097
19921 69.7208

14806.3 341.8
16703 330.835
17686.3 251.286
18559.1 218.374
19299.1 146
19938 43.2041

17697.2 309.066
18583 263.774
19293 185.28
19923.3 51.5348

9588.35 244.867
18589.3 279.054
19308.1 207.547
19886.9 76.4943

438.238 306.795
9600.11 198.029
18586.8 273.122
19317.3 260.471
19827.2 117.583

410.07 295.288
9589.17 202.492
10473.6 310.134
11788.4 345.06
14575 312.264
18605.9 320.952
19782.5 146.152

397.553 303.856
9531.97 269.673
10463.8 240.309
14611.8 254.41
19771.1 145.355

10431.9 216.964
12702.8 334.432
14632.3 258.654
19753.3 145.429

10386.3 239.414
19746.5 147.129

10383.8 289.189
19779.2 165.638

10430.7 320.405
18511.6 333.059
19822 121.913

18526.4 330.328
19293.1 296.388
19830.8 93.2069

19257 246.396
19833.2 73.7798

19224.5 205.816
19838.4 68.8305

19216.2 215.294
19845.6 90.8353

19223.2 266.422
19848.2 113.095

12544.2 294.738
19216.2 306.077
19862.8 94.8098

12601.6 232.25
19222.6 322.862
19899.7 65.0688

12635.1 201.72
19238 341.387
19923.7 48.8544

9311.65 338.653
12634.6 211.75
19929 44.2173

11404.4 292.06
12633.2 302.386
19915.2 61.0916

2428.41 308.852
11414.1 311.544
18428.4 276.509
19882.7 95.2875

2455.69 230.909
9576.47 348.372
11446.5 292.602
18401 191.109
19142.5 280.466
19856.6 153.682

2474.04 178.583
11464.4 292.419
13047 346.582
17344.5 305.307
18348.4 174.155
19150.4 239.824
19851 174.811

2474.99 156.143
5145.8 295.327
13014.7 327.802
16252.2 323.506
17357.6 262.207
18304.1 203.195
19163 225.339
19842.4 141.757

2471.7 187.009
5139.2 330.914
16235.9 274.953
17371.2 266.618
18311.9 281.82
19194 236.352
19874.5 119.354

9519.5 298.298
16216.1 310.133
17346.7 347.817
19221.5 272.405
19916.2 102.499

9571.91 229.985
10815.5 348.661
19937.3 112.261

1.98583e-12 284.654
9591.02 262.385
19935.9 235.818

16971.5 345.34

11364.7 251.799


13665.2 342.728

57.1618 343.838
2587.27 339.061

49.2793 329.027

45.2369 342.341

87.3303 302.317

132.873 218.906

183.411 153.959

212.996 124.353
12676.2 304.797

229.226 92.4242
11426.4 220.319
13599.7 294.039

270.917 189.783

5334 285.429
10270.1 191.663
11563.7 237.944
12353.7 307.519
15434.5 291.927
20258.7 313.258


